{"o":162.38,"c":162.36,"h":162.41,"l":162.33,"v":2875.0,"Time":"2020-12-02T19:25:00Z","Interval":"5min","Figi":"BBG000BVV7G1"}
{"o":162.38,"c":162.35,"h":162.41,"l":162.33,"v":2909.0,"Time":"2020-12-02T19:25:00Z","Interval":"5min","Figi":"BBG000BVV7G1"}
{"o":162.38,"c":162.36,"h":162.41,"l":162.33,"v":3184.0,"Time":"2020-12-02T19:25:00Z","Interval":"5min","Figi":"BBG000BVV7G1"}
{"o":162.38,"c":162.34,"h":162.41,"l":162.33,"v":3284.0,"Time":"2020-12-02T19:25:00Z","Interval":"5min","Figi":"BBG000BVV7G1"}
{"o":162.38,"c":162.34,"h":162.41,"l":162.33,"v":3484.0,"Time":"2020-12-02T19:25:00Z","Interval":"5min","Figi":"BBG000BVV7G1"}
{"o":162.38,"c":162.32,"h":162.41,"l":162.32,"v":3584.0,"Time":"2020-12-02T19:25:00Z","Interval":"5min","Figi":"BBG000BVV7G1"}
{"o":162.38,"c":162.31,"h":162.41,"l":162.31,"v":4027.0,"Time":"2020-12-02T19:25:00Z","Interval":"5min","Figi":"BBG000BVV7G1"}
{"o":162.38,"c":162.31,"h":162.41,"l":162.31,"v":4084.0,"Time":"2020-12-02T19:25:00Z","Interval":"5min","Figi":"BBG000BVV7G1"}
{"o":162.38,"c":162.34,"h":162.41,"l":162.31,"v":4146.0,"Time":"2020-12-02T19:25:00Z","Interval":"5min","Figi":"BBG000BVV7G1"}
{"o":162.38,"c":162.33,"h":162.41,"l":162.31,"v":4236.0,"Time":"2020-12-02T19:25:00Z","Interval":"5min","Figi":"BBG000BVV7G1"}
{"o":162.38,"c":162.31,"h":162.41,"l":162.31,"v":4311.0,"Time":"2020-12-02T19:25:00Z","Interval":"5min","Figi":"BBG000BVV7G1"}
{"o":162.38,"c":162.31,"h":162.41,"l":162.31,"v":4580.0,"Time":"2020-12-02T19:25:00Z","Interval":"5min","Figi":"BBG000BVV7G1"}
{"o":162.38,"c":162.29,"h":162.41,"l":162.29,"v":4623.0,"Time":"2020-12-02T19:25:00Z","Interval":"5min","Figi":"BBG000BVV7G1"}
{"o":162.38,"c":162.29,"h":162.41,"l":162.29,"v":4723.0,"Time":"2020-12-02T19:25:00Z","Interval":"5min","Figi":"BBG000BVV7G1"}
{"o":162.38,"c":162.28,"h":162.41,"l":162.28,"v":4745.0,"Time":"2020-12-02T19:25:00Z","Interval":"5min","Figi":"BBG000BVV7G1"}
{"o":162.38,"c":162.27,"h":162.41,"l":162.27,"v":4953.0,"Time":"2020-12-02T19:25:00Z","Interval":"5min","Figi":"BBG000BVV7G1"}
{"o":162.38,"c":162.27,"h":162.41,"l":162.27,"v":4991.0,"Time":"2020-12-02T19:25:00Z","Interval":"5min","Figi":"BBG000BVV7G1"}
{"o":162.38,"c":162.26,"h":162.41,"l":162.26,"v":5034.0,"Time":"2020-12-02T19:25:00Z","Interval":"5min","Figi":"BBG000BVV7G1"}
{"o":162.38,"c":162.25,"h":162.41,"l":162.25,"v":5134.0,"Time":"2020-12-02T19:25:00Z","Interval":"5min","Figi":"BBG000BVV7G1"}
{"o":162.38,"c":162.25,"h":162.41,"l":162.25,"v":5234.0,"Time":"2020-12-02T19:25:00Z","Interval":"5min","Figi":"BBG000BVV7G1"}
{"o":162.38,"c":162.24,"h":162.41,"l":162.24,"v":5523.0,"Time":"2020-12-02T19:25:00Z","Interval":"5min","Figi":"BBG000BVV7G1"}
{"o":162.38,"c":162.24,"h":162.41,"l":162.24,"v":5553.0,"Time":"2020-12-02T19:25:00Z","Interval":"5min","Figi":"BBG000BVV7G1"}
{"o":162.38,"c":162.22,"h":162.41,"l":162.22,"v":5801.0,"Time":"2020-12-02T19:25:00Z","Interval":"5min","Figi":"BBG000BVV7G1"}
{"o":162.38,"c":162.23,"h":162.41,"l":162.22,"v":5802.0,"Time":"2020-12-02T19:25:00Z","Interval":"5min","Figi":"BBG000BVV7G1"}
{"o":162.38,"c":162.23,"h":162.41,"l":162.22,"v":6017.0,"Time":"2020-12-02T19:25:00Z","Interval":"5min","Figi":"BBG000BVV7G1"}
{"o":162.38,"c":162.25,"h":162.41,"l":162.22,"v":6417.0,"Time":"2020-12-02T19:25:00Z","Interval":"5min","Figi":"BBG000BVV7G1"}
{"o":162.38,"c":162.28,"h":162.41,"l":162.22,"v":6537.0,"Time":"2020-12-02T19:25:00Z","Interval":"5min","Figi":"BBG000BVV7G1"}
{"o":162.38,"c":162.29,"h":162.41,"l":162.22,"v":6588.0,"Time":"2020-12-02T19:25:00Z","Interval":"5min","Figi":"BBG000BVV7G1"}
{"o":162.38,"c":162.29,"h":162.41,"l":162.22,"v":6837.0,"Time":"2020-12-02T19:25:00Z","Interval":"5min","Figi":"BBG000BVV7G1"}
{"o":162.38,"c":162.31,"h":162.41,"l":162.22,"v":6939.0,"Time":"2020-12-02T19:25:00Z","Interval":"5min","Figi":"BBG000BVV7G1"}
{"o":162.38,"c":162.34,"h":162.41,"l":162.22,"v":7039.0,"Time":"2020-12-02T19:25:00Z","Interval":"5min","Figi":"BBG000BVV7G1"}
{"o":162.38,"c":162.35,"h":162.41,"l":162.22,"v":7046.0,"Time":"2020-12-02T19:25:00Z","Interval":"5min","Figi":"BBG000BVV7G1"}
{"o":162.38,"c":162.36,"h":162.41,"l":162.22,"v":7121.0,"Time":"2020-12-02T19:25:00Z","Interval":"5min","Figi":"BBG000BVV7G1"}
{"o":162.38,"c":162.36,"h":162.41,"l":162.22,"v":7132.0,"Time":"2020-12-02T19:25:00Z","Interval":"5min","Figi":"BBG000BVV7G1"}
{"o":162.38,"c":162.36,"h":162.41,"l":162.22,"v":7146.0,"Time":"2020-12-02T19:25:00Z","Interval":"5min","Figi":"BBG000BVV7G1"}
{"o":162.38,"c":162.37,"h":162.41,"l":162.22,"v":7148.0,"Time":"2020-12-02T19:25:00Z","Interval":"5min","Figi":"BBG000BVV7G1"}
{"o":162.38,"c":162.38,"h":162.41,"l":162.22,"v":7161.0,"Time":"2020-12-02T19:25:00Z","Interval":"5min","Figi":"BBG000BVV7G1"}
{"o":162.38,"c":162.38,"h":162.41,"l":162.22,"v":7164.0,"Time":"2020-12-02T19:25:00Z","Interval":"5min","Figi":"BBG000BVV7G1"}
{"o":162.38,"c":162.38,"h":162.41,"l":162.22,"v":7193.0,"Time":"2020-12-02T19:25:00Z","Interval":"5min","Figi":"BBG000BVV7G1"}
{"o":162.38,"c":162.36,"h":162.41,"l":162.22,"v":7268.0,"Time":"2020-12-02T19:25:00Z","Interval":"5min","Figi":"BBG000BVV7G1"}
{"o":162.38,"c":162.36,"h":162.41,"l":162.22,"v":7274.0,"Time":"2020-12-02T19:25:00Z","Interval":"5min","Figi":"BBG000BVV7G1"}
{"o":162.38,"c":162.36,"h":162.41,"l":162.22,"v":7293.0,"Time":"2020-12-02T19:25:00Z","Interval":"5min","Figi":"BBG000BVV7G1"}
{"o":162.38,"c":162.36,"h":162.41,"l":162.22,"v":7294.0,"Time":"2020-12-02T19:25:00Z","Interval":"5min","Figi":"BBG000BVV7G1"}
{"o":162.38,"c":162.36,"h":162.41,"l":162.22,"v":7295.0,"Time":"2020-12-02T19:25:00Z","Interval":"5min","Figi":"BBG000BVV7G1"}
{"o":162.38,"c":162.36,"h":162.41,"l":162.22,"v":7394.0,"Time":"2020-12-02T19:25:00Z","Interval":"5min","Figi":"BBG000BVV7G1"}
{"o":162.38,"c":162.35,"h":162.41,"l":162.22,"v":7494.0,"Time":"2020-12-02T19:25:00Z","Interval":"5min","Figi":"BBG000BVV7G1"}
{"o":162.38,"c":162.36,"h":162.41,"l":162.22,"v":7560.0,"Time":"2020-12-02T19:25:00Z","Interval":"5min","Figi":"BBG000BVV7G1"}
{"o":162.38,"c":162.36,"h":162.41,"l":162.22,"v":7594.0,"Time":"2020-12-02T19:25:00Z","Interval":"5min","Figi":"BBG000BVV7G1"}
{"o":162.38,"c":162.36,"h":162.41,"l":162.22,"v":7695.0,"Time":"2020-12-02T19:25:00Z","Interval":"5min","Figi":"BBG000BVV7G1"}
{"o":162.38,"c":162.36,"h":162.41,"l":162.22,"v":7703.0,"Time":"2020-12-02T19:25:00Z","Interval":"5min","Figi":"BBG000BVV7G1"}
{"o":162.38,"c":162.36,"h":162.41,"l":162.22,"v":7795.0,"Time":"2020-12-02T19:25:00Z","Interval":"5min","Figi":"BBG000BVV7G1"}
{"o":162.4,"c":162.4,"h":162.4,"l":162.4,"v":10.0,"Time":"2020-12-02T19:30:00Z","Interval":"5min","Figi":"BBG000BVV7G1"}
{"o":162.4,"c":162.41,"h":162.41,"l":162.4,"v":120.0,"Time":"2020-12-02T19:30:00Z","Interval":"5min","Figi":"BBG000BVV7G1"}
{"o":162.4,"c":162.45,"h":162.45,"l":162.4,"v":148.0,"Time":"2020-12-02T19:30:00Z","Interval":"5min","Figi":"BBG000BVV7G1"}
{"o":162.4,"c":162.42,"h":162.45,"l":162.4,"v":248.0,"Time":"2020-12-02T19:30:00Z","Interval":"5min","Figi":"BBG000BVV7G1"}
{"o":162.4,"c":162.43,"h":162.45,"l":162.4,"v":4624.0,"Time":"2020-12-02T19:30:00Z","Interval":"5min","Figi":"BBG000BVV7G1"}
{"o":162.4,"c":162.43,"h":162.45,"l":162.4,"v":4724.0,"Time":"2020-12-02T19:30:00Z","Interval":"5min","Figi":"BBG000BVV7G1"}
{"o":162.4,"c":162.43,"h":162.45,"l":162.4,"v":4779.0,"Time":"2020-12-02T19:30:00Z","Interval":"5min","Figi":"BBG000BVV7G1"}
{"o":162.4,"c":162.46,"h":162.46,"l":162.4,"v":4879.0,"Time":"2020-12-02T19:30:00Z","Interval":"5min","Figi":"BBG000BVV7G1"}
{"o":162.4,"c":162.46,"h":162.46,"l":162.4,"v":4979.0,"Time":"2020-12-02T19:30:00Z","Interval":"5min","Figi":"BBG000BVV7G1"}
{"o":162.4,"c":162.44,"h":162.46,"l":162.4,"v":5079.0,"Time":"2020-12-02T19:30:00Z","Interval":"5min","Figi":"BBG000BVV7G1"}
{"o":162.4,"c":162.44,"h":162.46,"l":162.4,"v":5502.0,"Time":"2020-12-02T19:30:00Z","Interval":"5min","Figi":"BBG000BVV7G1"}
{"o":162.4,"c":162.44,"h":162.46,"l":162.4,"v":5602.0,"Time":"2020-12-02T19:30:00Z","Interval":"5min","Figi":"BBG000BVV7G1"}
{"o":162.4,"c":162.45,"h":162.46,"l":162.4,"v":5702.0,"Time":"2020-12-02T19:30:00Z","Interval":"5min","Figi":"BBG000BVV7G1"}
{"o":162.4,"c":162.45,"h":162.46,"l":162.4,"v":5802.0,"Time":"2020-12-02T19:30:00Z","Interval":"5min","Figi":"BBG000BVV7G1"}
{"o":162.4,"c":162.45,"h":162.46,"l":162.4,"v":5902.0,"Time":"2020-12-02T19:30:00Z","Interval":"5min","Figi":"BBG000BVV7G1"}
{"o":162.4,"c":162.47,"h":162.47,"l":162.4,"v":5912.0,"Time":"2020-12-02T19:30:00Z","Interval":"5min","Figi":"BBG000BVV7G1"}
{"o":162.4,"c":162.5,"h":162.5,"l":162.4,"v":6217.0,"Time":"2020-12-02T19:30:00Z","Interval":"5min","Figi":"BBG000BVV7G1"}
{"o":162.4,"c":162.5,"h":162.5,"l":162.4,"v":6229.0,"Time":"2020-12-02T19:30:00Z","Interval":"5min","Figi":"BBG000BVV7G1"}
{"o":162.4,"c":162.51,"h":162.51,"l":162.4,"v":6339.0,"Time":"2020-12-02T19:30:00Z","Interval":"5min","Figi":"BBG000BVV7G1"}
{"o":162.4,"c":162.56,"h":162.56,"l":162.4,"v":6775.0,"Time":"2020-12-02T19:30:00Z","Interval":"5min","Figi":"BBG000BVV7G1"}
{"o":162.4,"c":162.56,"h":162.57,"l":162.4,"v":6786.0,"Time":"2020-12-02T19:30:00Z","Interval":"5min","Figi":"BBG000BVV7G1"}
{"o":162.4,"c":162.57,"h":162.57,"l":162.4,"v":6796.0,"Time":"2020-12-02T19:30:00Z","Interval":"5min","Figi":"BBG000BVV7G1"}
{"o":162.4,"c":162.58,"h":162.58,"l":162.4,"v":6806.0,"Time":"2020-12-02T19:30:00Z","Interval":"5min","Figi":"BBG000BVV7G1"}
{"o":162.4,"c":162.57,"h":162.58,"l":162.4,"v":6906.0,"Time":"2020-12-02T19:30:00Z","Interval":"5min","Figi":"BBG000BVV7G1"}
{"o":162.4,"c":162.56,"h":162.58,"l":162.4,"v":7006.0,"Time":"2020-12-02T19:30:00Z","Interval":"5min","Figi":"BBG000BVV7G1"}
{"o":162.4,"c":162.55,"h":162.58,"l":162.4,"v":7076.0,"Time":"2020-12-02T19:30:00Z","Interval":"5min","Figi":"BBG000BVV7G1"}
{"o":162.4,"c":162.56,"h":162.58,"l":162.4,"v":7176.0,"Time":"2020-12-02T19:30:00Z","Interval":"5min","Figi":"BBG000BVV7G1"}
{"o":162.4,"c":162.55,"h":162.58,"l":162.4,"v":7276.0,"Time":"2020-12-02T19:30:00Z","Interval":"5min","Figi":"BBG000BVV7G1"}
{"o":162.4,"c":162.55,"h":162.58,"l":162.4,"v":7497.0,"Time":"2020-12-02T19:30:00Z","Interval":"5min","Figi":"BBG000BVV7G1"}
{"o":162.4,"c":162.58,"h":162.58,"l":162.4,"v":7597.0,"Time":"2020-12-02T19:30:00Z","Interval":"5min","Figi":"BBG000BVV7G1"}
{"o":162.4,"c":162.61,"h":162.62,"l":162.4,"v":7735.0,"Time":"2020-12-02T19:30:00Z","Interval":"5min","Figi":"BBG000BVV7G1"}
{"o":162.4,"c":162.61,"h":162.62,"l":162.4,"v":7794.0,"Time":"2020-12-02T19:30:00Z","Interval":"5min","Figi":"BBG000BVV7G1"}
{"o":162.4,"c":162.63,"h":162.63,"l":162.4,"v":7894.0,"Time":"2020-12-02T19:30:00Z","Interval":"5min","Figi":"BBG000BVV7G1"}
{"o":162.4,"c":162.62,"h":162.63,"l":162.4,"v":7994.0,"Time":"2020-12-02T19:30:00Z","Interval":"5min","Figi":"BBG000BVV7G1"}
{"o":162.4,"c":162.64,"h":162.64,"l":162.4,"v":8118.0,"Time":"2020-12-02T19:30:00Z","Interval":"5min","Figi":"BBG000BVV7G1"}
{"o":162.4,"c":162.63,"h":162.64,"l":162.4,"v":8218.0,"Time":"2020-12-02T19:30:00Z","Interval":"5min","Figi":"BBG000BVV7G1"}
{"o":162.4,"c":162.67,"h":162.67,"l":162.4,"v":8318.0,"Time":"2020-12-02T19:30:00Z","Interval":"5min","Figi":"BBG000BVV7G1"}
{"o":162.4,"c":162.59,"h":162.67,"l":162.4,"v":8324.0,"Time":"2020-12-02T19:30:00Z","Interval":"5min","Figi":"BBG000BVV7G1"}
{"o":162.4,"c":162.62,"h":162.67,"l":162.4,"v":8424.0,"Time":"2020-12-02T19:30:00Z","Interval":"5min","Figi":"BBG000BVV7G1"}
{"o":162.4,"c":162.66,"h":162.67,"l":162.4,"v":8524.0,"Time":"2020-12-02T19:30:00Z","Interval":"5min","Figi":"BBG000BVV7G1"}
{"o":162.4,"c":162.58,"h":162.67,"l":162.4,"v":8621.0,"Time":"2020-12-02T19:30:00Z","Interval":"5min","Figi":"BBG000BVV7G1"}
{"o":162.4,"c":162.58,"h":162.67,"l":162.4,"v":8676.0,"Time":"2020-12-02T19:30:00Z","Interval":"5min","Figi":"BBG000BVV7G1"}
{"o":162.4,"c":162.58,"h":162.67,"l":162.4,"v":8776.0,"Time":"2020-12-02T19:30:00Z","Interval":"5min","Figi":"BBG000BVV7G1"}
{"o":162.4,"c":162.57,"h":162.67,"l":162.4,"v":8976.0,"Time":"2020-12-02T19:30:00Z","Interval":"5min","Figi":"BBG000BVV7G1"}
{"o":162.4,"c":162.57,"h":162.67,"l":162.4,"v":9176.0,"Time":"2020-12-02T19:30:00Z","Interval":"5min","Figi":"BBG000BVV7G1"}
{"o":162.4,"c":162.57,"h":162.67,"l":162.4,"v":9376.0,"Time":"2020-12-02T19:30:00Z","Interval":"5min","Figi":"BBG000BVV7G1"}
{"o":162.4,"c":162.57,"h":162.67,"l":162.4,"v":9424.0,"Time":"2020-12-02T19:30:00Z","Interval":"5min","Figi":"BBG000BVV7G1"}
{"o":162.4,"c":162.53,"h":162.67,"l":162.4,"v":9624.0,"Time":"2020-12-02T19:30:00Z","Interval":"5min","Figi":"BBG000BVV7G1"}
{"o":162.4,"c":162.52,"h":162.67,"l":162.4,"v":9724.0,"Time":"2020-12-02T19:30:00Z","Interval":"5min","Figi":"BBG000BVV7G1"}
{"o":162.4,"c":162.5,"h":162.67,"l":162.4,"v":9756.0,"Time":"2020-12-02T19:30:00Z","Interval":"5min","Figi":"BBG000BVV7G1"}
{"o":162.4,"c":162.5,"h":162.67,"l":162.4,"v":9856.0,"Time":"2020-12-02T19:30:00Z","Interval":"5min","Figi":"BBG000BVV7G1"}
{"o":162.4,"c":162.52,"h":162.67,"l":162.4,"v":9857.0,"Time":"2020-12-02T19:30:00Z","Interval":"5min","Figi":"BBG000BVV7G1"}
{"o":162.4,"c":162.51,"h":162.67,"l":162.4,"v":9957.0,"Time":"2020-12-02T19:30:00Z","Interval":"5min","Figi":"BBG000BVV7G1"}
{"o":162.4,"c":162.52,"h":162.67,"l":162.4,"v":9958.0,"Time":"2020-12-02T19:30:00Z","Interval":"5min","Figi":"BBG000BVV7G1"}
{"o":162.4,"c":162.52,"h":162.67,"l":162.4,"v":9959.0,"Time":"2020-12-02T19:30:00Z","Interval":"5min","Figi":"BBG000BVV7G1"}
{"o":162.4,"c":162.52,"h":162.67,"l":162.4,"v":10136.0,"Time":"2020-12-02T19:30:00Z","Interval":"5min","Figi":"BBG000BVV7G1"}
{"o":162.4,"c":162.52,"h":162.67,"l":162.4,"v":10366.0,"Time":"2020-12-02T19:30:00Z","Interval":"5min","Figi":"BBG000BVV7G1"}
{"o":162.4,"c":162.53,"h":162.67,"l":162.4,"v":11066.0,"Time":"2020-12-02T19:30:00Z","Interval":"5min","Figi":"BBG000BVV7G1"}
{"o":162.4,"c":162.55,"h":162.67,"l":162.4,"v":11116.0,"Time":"2020-12-02T19:30:00Z","Interval":"5min","Figi":"BBG000BVV7G1"}
{"o":162.4,"c":162.55,"h":162.67,"l":162.4,"v":11166.0,"Time":"2020-12-02T19:30:00Z","Interval":"5min","Figi":"BBG000BVV7G1"}
{"o":162.4,"c":162.53,"h":162.67,"l":162.4,"v":11266.0,"Time":"2020-12-02T19:30:00Z","Interval":"5min","Figi":"BBG000BVV7G1"}
{"o":162.4,"c":162.53,"h":162.67,"l":162.4,"v":11316.0,"Time":"2020-12-02T19:30:00Z","Interval":"5min","Figi":"BBG000BVV7G1"}
{"o":162.4,"c":162.53,"h":162.67,"l":162.4,"v":11416.0,"Time":"2020-12-02T19:30:00Z","Interval":"5min","Figi":"BBG000BVV7G1"}
{"o":162.4,"c":162.53,"h":162.67,"l":162.4,"v":11526.0,"Time":"2020-12-02T19:30:00Z","Interval":"5min","Figi":"BBG000BVV7G1"}
{"o":162.4,"c":162.49,"h":162.67,"l":162.4,"v":11626.0,"Time":"2020-12-02T19:30:00Z","Interval":"5min","Figi":"BBG000BVV7G1"}
{"o":162.4,"c":162.53,"h":162.67,"l":162.4,"v":11694.0,"Time":"2020-12-02T19:30:00Z","Interval":"5min","Figi":"BBG000BVV7G1"}
{"o":162.53,"c":162.53,"h":162.53,"l":162.53,"v":200.0,"Time":"2020-12-02T19:35:00Z","Interval":"5min","Figi":"BBG000BVV7G1"}
{"o":162.53,"c":162.5,"h":162.53,"l":162.5,"v":205.0,"Time":"2020-12-02T19:35:00Z","Interval":"5min","Figi":"BBG000BVV7G1"}
{"o":162.53,"c":162.5,"h":162.53,"l":162.5,"v":210.0,"Time":"2020-12-02T19:35:00Z","Interval":"5min","Figi":"BBG000BVV7G1"}
{"o":162.53,"c":162.49,"h":162.53,"l":162.49,"v":420.0,"Time":"2020-12-02T19:35:00Z","Interval":"5min","Figi":"BBG000BVV7G1"}
{"o":162.53,"c":162.49,"h":162.53,"l":162.49,"v":520.0,"Time":"2020-12-02T19:35:00Z","Interval":"5min","Figi":"BBG000BVV7G1"}
{"o":162.53,"c":162.53,"h":162.53,"l":162.49,"v":523.0,"Time":"2020-12-02T19:35:00Z","Interval":"5min","Figi":"BBG000BVV7G1"}
{"o":162.53,"c":162.53,"h":162.53,"l":162.49,"v":594.0,"Time":"2020-12-02T19:35:00Z","Interval":"5min","Figi":"BBG000BVV7G1"}
{"o":162.53,"c":162.53,"h":162.53,"l":162.49,"v":794.0,"Time":"2020-12-02T19:35:00Z","Interval":"5min","Figi":"BBG000BVV7G1"}
{"o":162.53,"c":162.53,"h":162.53,"l":162.49,"v":820.0,"Time":"2020-12-02T19:35:00Z","Interval":"5min","Figi":"BBG000BVV7G1"}
{"o":162.53,"c":162.54,"h":162.54,"l":162.49,"v":870.0,"Time":"2020-12-02T19:35:00Z","Interval":"5min","Figi":"BBG000BVV7G1"}
{"o":162.53,"c":162.61,"h":162.61,"l":162.49,"v":1281.0,"Time":"2020-12-02T19:35:00Z","Interval":"5min","Figi":"BBG000BVV7G1"}
{"o":162.53,"c":162.6,"h":162.61,"l":162.49,"v":1481.0,"Time":"2020-12-02T19:35:00Z","Interval":"5min","Figi":"BBG000BVV7G1"}
{"o":162.53,"c":162.6,"h":162.61,"l":162.49,"v":1645.0,"Time":"2020-12-02T19:35:00Z","Interval":"5min","Figi":"BBG000BVV7G1"}
{"o":162.53,"c":162.64,"h":162.64,"l":162.49,"v":1986.0,"Time":"2020-12-02T19:35:00Z","Interval":"5min","Figi":"BBG000BVV7G1"}
{"o":162.53,"c":162.62,"h":162.64,"l":162.49,"v":6097.0,"Time":"2020-12-02T19:35:00Z","Interval":"5min","Figi":"BBG000BVV7G1"}
{"o":162.53,"c":162.61,"h":162.64,"l":162.49,"v":6859.0,"Time":"2020-12-02T19:35:00Z","Interval":"5min","Figi":"BBG000BVV7G1"}
{"o":162.53,"c":162.54,"h":162.64,"l":162.49,"v":6861.0,"Time":"2020-12-02T19:35:00Z","Interval":"5min","Figi":"BBG000BVV7G1"}
{"o":162.53,"c":162.55,"h":162.64,"l":162.49,"v":7061.0,"Time":"2020-12-02T19:35:00Z","Interval":"5min","Figi":"BBG000BVV7G1"}
{"o":162.53,"c":162.53,"h":162.64,"l":162.49,"v":7161.0,"Time":"2020-12-02T19:35:00Z","Interval":"5min","Figi":"BBG000BVV7G1"}
{"o":162.53,"c":162.53,"h":162.64,"l":162.49,"v":7261.0,"Time":"2020-12-02T19:35:00Z","Interval":"5min","Figi":"BBG000BVV7G1"}
{"o":162.53,"c":162.48,"h":162.64,"l":162.48,"v":7365.0,"Time":"2020-12-02T19:35:00Z","Interval":"5min","Figi":"BBG000BVV7G1"}
{"o":162.53,"c":162.48,"h":162.64,"l":162.48,"v":7370.0,"Time":"2020-12-02T19:35:00Z","Interval":"5min","Figi":"BBG000BVV7G1"}
{"o":162.53,"c":162.5,"h":162.64,"l":162.48,"v":7460.0,"Time":"2020-12-02T19:35:00Z","Interval":"5min","Figi":"BBG000BVV7G1"}
{"o":162.53,"c":162.55,"h":162.64,"l":162.48,"v":7562.0,"Time":"2020-12-02T19:35:00Z","Interval":"5min","Figi":"BBG000BVV7G1"}
{"o":162.53,"c":162.55,"h":162.64,"l":162.48,"v":7662.0,"Time":"2020-12-02T19:35:00Z","Interval":"5min","Figi":"BBG000BVV7G1"}
{"o":162.53,"c":162.56,"h":162.64,"l":162.48,"v":7667.0,"Time":"2020-12-02T19:35:00Z","Interval":"5min","Figi":"BBG000BVV7G1"}
{"o":162.53,"c":162.56,"h":162.64,"l":162.48,"v":8062.0,"Time":"2020-12-02T19:35:00Z","Interval":"5min","Figi":"BBG000BVV7G1"}
{"o":162.53,"c":162.57,"h":162.64,"l":162.48,"v":8162.0,"Time":"2020-12-02T19:35:00Z","Interval":"5min","Figi":"BBG000BVV7G1"}
{"o":162.53,"c":162.53,"h":162.64,"l":162.48,"v":8262.0,"Time":"2020-12-02T19:35:00Z","Interval":"5min","Figi":"BBG000BVV7G1"}
{"o":162.53,"c":162.53,"h":162.64,"l":162.48,"v":8362.0,"Time":"2020-12-02T19:35:00Z","Interval":"5min","Figi":"BBG000BVV7G1"}
{"o":162.53,"c":162.51,"h":162.64,"l":162.48,"v":8416.0,"Time":"2020-12-02T19:35:00Z","Interval":"5min","Figi":"BBG000BVV7G1"}
{"o":162.53,"c":162.51,"h":162.64,"l":162.48,"v":8616.0,"Time":"2020-12-02T19:35:00Z","Interval":"5min","Figi":"BBG000BVV7G1"}
{"o":162.53,"c":162.52,"h":162.64,"l":162.48,"v":8716.0,"Time":"2020-12-02T19:35:00Z","Interval":"5min","Figi":"BBG000BVV7G1"}
{"o":162.53,"c":162.51,"h":162.64,"l":162.48,"v":8948.0,"Time":"2020-12-02T19:35:00Z","Interval":"5min","Figi":"BBG000BVV7G1"}
{"o":162.53,"c":162.51,"h":162.64,"l":162.48,"v":9048.0,"Time":"2020-12-02T19:35:00Z","Interval":"5min","Figi":"BBG000BVV7G1"}
{"o":162.53,"c":162.53,"h":162.64,"l":162.48,"v":9058.0,"Time":"2020-12-02T19:35:00Z","Interval":"5min","Figi":"BBG000BVV7G1"}
{"o":162.53,"c":162.55,"h":162.64,"l":162.48,"v":9358.0,"Time":"2020-12-02T19:35:00Z","Interval":"5min","Figi":"BBG000BVV7G1"}
{"o":162.53,"c":162.6,"h":162.64,"l":162.48,"v":9534.0,"Time":"2020-12-02T19:35:00Z","Interval":"5min","Figi":"BBG000BVV7G1"}
{"o":162.53,"c":162.62,"h":162.64,"l":162.48,"v":9640.0,"Time":"2020-12-02T19:35:00Z","Interval":"5min","Figi":"BBG000BVV7G1"}
{"o":162.53,"c":162.62,"h":162.64,"l":162.48,"v":9643.0,"Time":"2020-12-02T19:35:00Z","Interval":"5min","Figi":"BBG000BVV7G1"}
{"o":162.53,"c":162.65,"h":162.65,"l":162.48,"v":9743.0,"Time":"2020-12-02T19:35:00Z","Interval":"5min","Figi":"BBG000BVV7G1"}
{"o":162.53,"c":162.59,"h":162.65,"l":162.48,"v":9749.0,"Time":"2020-12-02T19:35:00Z","Interval":"5min","Figi":"BBG000BVV7G1"}
{"o":162.53,"c":162.62,"h":162.65,"l":162.48,"v":9952.0,"Time":"2020-12-02T19:35:00Z","Interval":"5min","Figi":"BBG000BVV7G1"}
{"o":162.53,"c":162.62,"h":162.65,"l":162.48,"v":10052.0,"Time":"2020-12-02T19:35:00Z","Interval":"5min","Figi":"BBG000BVV7G1"}
{"o":162.53,"c":162.55,"h":162.65,"l":162.48,"v":10252.0,"Time":"2020-12-02T19:35:00Z","Interval":"5min","Figi":"BBG000BVV7G1"}
{"o":162.53,"c":162.56,"h":162.65,"l":162.48,"v":10254.0,"Time":"2020-12-02T19:35:00Z","Interval":"5min","Figi":"BBG000BVV7G1"}
{"o":162.53,"c":162.55,"h":162.65,"l":162.48,"v":10354.0,"Time":"2020-12-02T19:35:00Z","Interval":"5min","Figi":"BBG000BVV7G1"}
{"o":162.53,"c":162.59,"h":162.65,"l":162.48,"v":10391.0,"Time":"2020-12-02T19:35:00Z","Interval":"5min","Figi":"BBG000BVV7G1"}
{"o":162.53,"c":162.55,"h":162.65,"l":162.48,"v":10491.0,"Time":"2020-12-02T19:35:00Z","Interval":"5min","Figi":"BBG000BVV7G1"}
{"o":162.53,"c":162.58,"h":162.65,"l":162.48,"v":10503.0,"Time":"2020-12-02T19:35:00Z","Interval":"5min","Figi":"BBG000BVV7G1"}
{"o":162.54,"c":162.56,"h":162.56,"l":162.54,"v":200.0,"Time":"2020-12-02T19:40:00Z","Interval":"5min","Figi":"BBG000BVV7G1"}
{"o":162.54,"c":162.52,"h":162.56,"l":162.52,"v":300.0,"Time":"2020-12-02T19:40:00Z","Interval":"5min","Figi":"BBG000BVV7G1"}
{"o":162.54,"c":162.55,"h":162.56,"l":162.52,"v":500.0,"Time":"2020-12-02T19:40:00Z","Interval":"5min","Figi":"BBG000BVV7G1"}
{"o":162.54,"c":162.56,"h":162.56,"l":162.52,"v":600.0,"Time":"2020-12-02T19:40:00Z","Interval":"5min","Figi":"BBG000BVV7G1"}
{"o":162.54,"c":162.58,"h":162.58,"l":162.52,"v":630.0,"Time":"2020-12-02T19:40:00Z","Interval":"5min","Figi":"BBG000BVV7G1"}
{"o":162.54,"c":162.57,"h":162.58,"l":162.52,"v":696.0,"Time":"2020-12-02T19:40:00Z","Interval":"5min","Figi":"BBG000BVV7G1"}
{"o":162.54,"c":162.57,"h":162.58,"l":162.52,"v":708.0,"Time":"2020-12-02T19:40:00Z","Interval":"5min","Figi":"BBG000BVV7G1"}
{"o":162.54,"c":162.58,"h":162.58,"l":162.52,"v":808.0,"Time":"2020-12-02T19:40:00Z","Interval":"5min","Figi":"BBG000BVV7G1"}
{"o":162.54,"c":162.59,"h":162.59,"l":162.52,"v":1008.0,"Time":"2020-12-02T19:40:00Z","Interval":"5min","Figi":"BBG000BVV7G1"}
{"o":162.54,"c":162.6,"h":162.6,"l":162.52,"v":1010.0,"Time":"2020-12-02T19:40:00Z","Interval":"5min","Figi":"BBG000BVV7G1"}
{"o":162.54,"c":162.6,"h":162.6,"l":162.52,"v":1011.0,"Time":"2020-12-02T19:40:00Z","Interval":"5min","Figi":"BBG000BVV7G1"}
{"o":162.54,"c":162.64,"h":162.64,"l":162.52,"v":1442.0,"Time":"2020-12-02T19:40:00Z","Interval":"5min","Figi":"BBG000BVV7G1"}
{"o":162.54,"c":162.65,"h":162.65,"l":162.52,"v":1444.0,"Time":"2020-12-02T19:40:00Z","Interval":"5min","Figi":"BBG000BVV7G1"}
{"o":162.54,"c":162.72,"h":162.72,"l":162.52,"v":1486.0,"Time":"2020-12-02T19:40:00Z","Interval":"5min","Figi":"BBG000BVV7G1"}
{"o":162.54,"c":162.64,"h":162.72,"l":162.52,"v":1586.0,"Time":"2020-12-02T19:40:00Z","Interval":"5min","Figi":"BBG000BVV7G1"}
{"o":162.54,"c":162.66,"h":162.72,"l":162.52,"v":1594.0,"Time":"2020-12-02T19:40:00Z","Interval":"5min","Figi":"BBG000BVV7G1"}
{"o":162.54,"c":162.65,"h":162.72,"l":162.52,"v":2394.0,"Time":"2020-12-02T19:40:00Z","Interval":"5min","Figi":"BBG000BVV7G1"}
{"o":162.54,"c":162.68,"h":162.72,"l":162.52,"v":2409.0,"Time":"2020-12-02T19:40:00Z","Interval":"5min","Figi":"BBG000BVV7G1"}
{"o":162.54,"c":162.68,"h":162.72,"l":162.52,"v":2493.0,"Time":"2020-12-02T19:40:00Z","Interval":"5min","Figi":"BBG000BVV7G1"}
{"o":162.54,"c":162.68,"h":162.72,"l":162.52,"v":2494.0,"Time":"2020-12-02T19:40:00Z","Interval":"5min","Figi":"BBG000BVV7G1"}
{"o":162.54,"c":162.67,"h":162.72,"l":162.52,"v":2594.0,"Time":"2020-12-02T19:40:00Z","Interval":"5min","Figi":"BBG000BVV7G1"}
{"o":162.54,"c":162.65,"h":162.72,"l":162.52,"v":2944.0,"Time":"2020-12-02T19:40:00Z","Interval":"5min","Figi":"BBG000BVV7G1"}
{"o":162.54,"c":162.68,"h":162.72,"l":162.52,"v":3046.0,"Time":"2020-12-02T19:40:00Z","Interval":"5min","Figi":"BBG000BVV7G1"}
{"o":162.54,"c":162.65,"h":162.72,"l":162.52,"v":3408.0,"Time":"2020-12-02T19:40:00Z","Interval":"5min","Figi":"BBG000BVV7G1"}
{"o":162.54,"c":162.65,"h":162.72,"l":162.52,"v":3523.0,"Time":"2020-12-02T19:40:00Z","Interval":"5min","Figi":"BBG000BVV7G1"}
{"o":162.54,"c":162.69,"h":162.72,"l":162.52,"v":3529.0,"Time":"2020-12-02T19:40:00Z","Interval":"5min","Figi":"BBG000BVV7G1"}
{"o":162.54,"c":162.7,"h":162.72,"l":162.52,"v":4192.0,"Time":"2020-12-02T19:40:00Z","Interval":"5min","Figi":"BBG000BVV7G1"}
{"o":162.54,"c":162.7,"h":162.72,"l":162.52,"v":4292.0,"Time":"2020-12-02T19:40:00Z","Interval":"5min","Figi":"BBG000BVV7G1"}
{"o":162.54,"c":162.7,"h":162.72,"l":162.52,"v":4329.0,"Time":"2020-12-02T19:40:00Z","Interval":"5min","Figi":"BBG000BVV7G1"}
{"o":162.54,"c":162.7,"h":162.72,"l":162.52,"v":4429.0,"Time":"2020-12-02T19:40:00Z","Interval":"5min","Figi":"BBG000BVV7G1"}
{"o":162.54,"c":162.72,"h":162.72,"l":162.52,"v":4438.0,"Time":"2020-12-02T19:40:00Z","Interval":"5min","Figi":"BBG000BVV7G1"}
{"o":162.54,"c":162.72,"h":162.72,"l":162.52,"v":4538.0,"Time":"2020-12-02T19:40:00Z","Interval":"5min","Figi":"BBG000BVV7G1"}
{"o":162.54,"c":162.72,"h":162.72,"l":162.52,"v":4595.0,"Time":"2020-12-02T19:40:00Z","Interval":"5min","Figi":"BBG000BVV7G1"}
{"o":162.54,"c":162.72,"h":162.72,"l":162.52,"v":4800.0,"Time":"2020-12-02T19:40:00Z","Interval":"5min","Figi":"BBG000BVV7G1"}
{"o":162.54,"c":162.73,"h":162.73,"l":162.52,"v":4810.0,"Time":"2020-12-02T19:40:00Z","Interval":"5min","Figi":"BBG000BVV7G1"}
{"o":162.54,"c":162.75,"h":162.75,"l":162.52,"v":4848.0,"Time":"2020-12-02T19:40:00Z","Interval":"5min","Figi":"BBG000BVV7G1"}
{"o":162.54,"c":162.72,"h":162.75,"l":162.52,"v":4849.0,"Time":"2020-12-02T19:40:00Z","Interval":"5min","Figi":"BBG000BVV7G1"}
{"o":162.54,"c":162.72,"h":162.75,"l":162.52,"v":4852.0,"Time":"2020-12-02T19:40:00Z","Interval":"5min","Figi":"BBG000BVV7G1"}
{"o":162.54,"c":162.72,"h":162.75,"l":162.52,"v":4878.0,"Time":"2020-12-02T19:40:00Z","Interval":"5min","Figi":"BBG000BVV7G1"}
{"o":162.54,"c":162.72,"h":162.75,"l":162.52,"v":4892.0,"Time":"2020-12-02T19:40:00Z","Interval":"5min","Figi":"BBG000BVV7G1"}
{"o":162.54,"c":162.7,"h":162.75,"l":162.52,"v":4979.0,"Time":"2020-12-02T19:40:00Z","Interval":"5min","Figi":"BBG000BVV7G1"}
{"o":162.54,"c":162.7,"h":162.75,"l":162.52,"v":5442.0,"Time":"2020-12-02T19:40:00Z","Interval":"5min","Figi":"BBG000BVV7G1"}
{"o":162.54,"c":162.7,"h":162.75,"l":162.52,"v":5532.0,"Time":"2020-12-02T19:40:00Z","Interval":"5min","Figi":"BBG000BVV7G1"}
{"o":162.54,"c":162.7,"h":162.75,"l":162.52,"v":5542.0,"Time":"2020-12-02T19:40:00Z","Interval":"5min","Figi":"BBG000BVV7G1"}
{"o":162.54,"c":162.7,"h":162.75,"l":162.52,"v":5642.0,"Time":"2020-12-02T19:40:00Z","Interval":"5min","Figi":"BBG000BVV7G1"}
{"o":162.54,"c":162.7,"h":162.75,"l":162.52,"v":5717.0,"Time":"2020-12-02T19:40:00Z","Interval":"5min","Figi":"BBG000BVV7G1"}
{"o":162.54,"c":162.7,"h":162.75,"l":162.52,"v":5742.0,"Time":"2020-12-02T19:40:00Z","Interval":"5min","Figi":"BBG000BVV7G1"}
{"o":162.54,"c":162.7,"h":162.75,"l":162.52,"v":5746.0,"Time":"2020-12-02T19:40:00Z","Interval":"5min","Figi":"BBG000BVV7G1"}
{"o":162.54,"c":162.69,"h":162.75,"l":162.52,"v":5758.0,"Time":"2020-12-02T19:40:00Z","Interval":"5min","Figi":"BBG000BVV7G1"}
{"o":162.54,"c":162.69,"h":162.75,"l":162.52,"v":5851.0,"Time":"2020-12-02T19:40:00Z","Interval":"5min","Figi":"BBG000BVV7G1"}
{"o":162.54,"c":162.7,"h":162.75,"l":162.52,"v":6061.0,"Time":"2020-12-02T19:40:00Z","Interval":"5min","Figi":"BBG000BVV7G1"}
{"o":162.54,"c":162.73,"h":162.75,"l":162.52,"v":6067.0,"Time":"2020-12-02T19:40:00Z","Interval":"5min","Figi":"BBG000BVV7G1"}
{"o":162.54,"c":162.72,"h":162.75,"l":162.52,"v":6121.0,"Time":"2020-12-02T19:40:00Z","Interval":"5min","Figi":"BBG000BVV7G1"}
{"o":162.54,"c":162.72,"h":162.75,"l":162.52,"v":6145.0,"Time":"2020-12-02T19:40:00Z","Interval":"5min","Figi":"BBG000BVV7G1"}
{"o":162.54,"c":162.72,"h":162.75,"l":162.52,"v":6204.0,"Time":"2020-12-02T19:40:00Z","Interval":"5min","Figi":"BBG000BVV7G1"}
{"o":162.54,"c":162.73,"h":162.75,"l":162.52,"v":6310.0,"Time":"2020-12-02T19:40:00Z","Interval":"5min","Figi":"BBG000BVV7G1"}
{"o":162.54,"c":162.78,"h":162.78,"l":162.52,"v":6357.0,"Time":"2020-12-02T19:40:00Z","Interval":"5min","Figi":"BBG000BVV7G1"}
{"o":162.54,"c":162.79,"h":162.79,"l":162.52,"v":6358.0,"Time":"2020-12-02T19:40:00Z","Interval":"5min","Figi":"BBG000BVV7G1"}
{"o":162.54,"c":162.79,"h":162.79,"l":162.52,"v":6368.0,"Time":"2020-12-02T19:40:00Z","Interval":"5min","Figi":"BBG000BVV7G1"}
{"o":162.54,"c":162.78,"h":162.79,"l":162.52,"v":6382.0,"Time":"2020-12-02T19:40:00Z","Interval":"5min","Figi":"BBG000BVV7G1"}
{"o":162.54,"c":162.8,"h":162.8,"l":162.52,"v":6497.0,"Time":"2020-12-02T19:40:00Z","Interval":"5min","Figi":"BBG000BVV7G1"}
{"o":162.54,"c":162.83,"h":162.83,"l":162.52,"v":6577.0,"Time":"2020-12-02T19:40:00Z","Interval":"5min","Figi":"BBG000BVV7G1"}
{"o":162.54,"c":162.83,"h":162.83,"l":162.52,"v":6597.0,"Time":"2020-12-02T19:40:00Z","Interval":"5min","Figi":"BBG000BVV7G1"}
{"o":162.54,"c":162.81,"h":162.83,"l":162.52,"v":6697.0,"Time":"2020-12-02T19:40:00Z","Interval":"5min","Figi":"BBG000BVV7G1"}
{"o":162.54,"c":162.8,"h":162.83,"l":162.52,"v":6797.0,"Time":"2020-12-02T19:40:00Z","Interval":"5min","Figi":"BBG000BVV7G1"}
{"o":162.54,"c":162.77,"h":162.83,"l":162.52,"v":6805.0,"Time":"2020-12-02T19:40:00Z","Interval":"5min","Figi":"BBG000BVV7G1"}
{"o":162.54,"c":162.78,"h":162.83,"l":162.52,"v":6905.0,"Time":"2020-12-02T19:40:00Z","Interval":"5min","Figi":"BBG000BVV7G1"}
{"o":162.54,"c":162.75,"h":162.83,"l":162.52,"v":6954.0,"Time":"2020-12-02T19:40:00Z","Interval":"5min","Figi":"BBG000BVV7G1"}
{"o":162.54,"c":162.74,"h":162.83,"l":162.52,"v":7054.0,"Time":"2020-12-02T19:40:00Z","Interval":"5min","Figi":"BBG000BVV7G1"}
{"o":162.54,"c":162.74,"h":162.83,"l":162.52,"v":7154.0,"Time":"2020-12-02T19:40:00Z","Interval":"5min","Figi":"BBG000BVV7G1"}
{"o":162.54,"c":162.75,"h":162.83,"l":162.52,"v":7333.0,"Time":"2020-12-02T19:40:00Z","Interval":"5min","Figi":"BBG000BVV7G1"}
{"o":162.54,"c":162.75,"h":162.83,"l":162.52,"v":7583.0,"Time":"2020-12-02T19:40:00Z","Interval":"5min","Figi":"BBG000BVV7G1"}
{"o":162.54,"c":162.76,"h":162.83,"l":162.52,"v":7754.0,"Time":"2020-12-02T19:40:00Z","Interval":"5min","Figi":"BBG000BVV7G1"}
{"o":162.54,"c":162.79,"h":162.83,"l":162.52,"v":7776.0,"Time":"2020-12-02T19:40:00Z","Interval":"5min","Figi":"BBG000BVV7G1"}
{"o":162.54,"c":162.79,"h":162.83,"l":162.52,"v":7802.0,"Time":"2020-12-02T19:40:00Z","Interval":"5min","Figi":"BBG000BVV7G1"}
{"o":162.54,"c":162.84,"h":162.84,"l":162.52,"v":7819.0,"Time":"2020-12-02T19:40:00Z","Interval":"5min","Figi":"BBG000BVV7G1"}
{"o":162.82,"c":162.82,"h":162.82,"l":162.82,"v":100.0,"Time":"2020-12-02T19:45:00Z","Interval":"5min","Figi":"BBG000BVV7G1"}
{"o":162.82,"c":162.84,"h":162.84,"l":162.82,"v":200.0,"Time":"2020-12-02T19:45:00Z","Interval":"5min","Figi":"BBG000BVV7G1"}
{"o":162.82,"c":162.82,"h":162.84,"l":162.82,"v":201.0,"Time":"2020-12-02T19:45:00Z","Interval":"5min","Figi":"BBG000BVV7G1"}
{"o":162.82,"c":162.86,"h":162.86,"l":162.82,"v":221.0,"Time":"2020-12-02T19:45:00Z","Interval":"5min","Figi":"BBG000BVV7G1"}
{"o":162.82,"c":162.87,"h":162.87,"l":162.82,"v":231.0,"Time":"2020-12-02T19:45:00Z","Interval":"5min","Figi":"BBG000BVV7G1"}
{"o":162.82,"c":162.88,"h":162.88,"l":162.82,"v":241.0,"Time":"2020-12-02T19:45:00Z","Interval":"5min","Figi":"BBG000BVV7G1"}
{"o":162.82,"c":162.89,"h":162.89,"l":162.82,"v":242.0,"Time":"2020-12-02T19:45:00Z","Interval":"5min","Figi":"BBG000BVV7G1"}
{"o":162.82,"c":162.88,"h":162.9,"l":162.82,"v":733.0,"Time":"2020-12-02T19:45:00Z","Interval":"5min","Figi":"BBG000BVV7G1"}
{"o":162.82,"c":162.88,"h":162.9,"l":162.82,"v":2959.0,"Time":"2020-12-02T19:45:00Z","Interval":"5min","Figi":"BBG000BVV7G1"}
{"o":162.82,"c":162.9,"h":162.9,"l":162.82,"v":2969.0,"Time":"2020-12-02T19:45:00Z","Interval":"5min","Figi":"BBG000BVV7G1"}
{"o":162.82,"c":162.87,"h":162.9,"l":162.82,"v":2981.0,"Time":"2020-12-02T19:45:00Z","Interval":"5min","Figi":"BBG000BVV7G1"}
{"o":162.82,"c":162.9,"h":162.9,"l":162.82,"v":3081.0,"Time":"2020-12-02T19:45:00Z","Interval":"5min","Figi":"BBG000BVV7G1"}
{"o":162.82,"c":162.91,"h":162.91,"l":162.82,"v":3103.0,"Time":"2020-12-02T19:45:00Z","Interval":"5min","Figi":"BBG000BVV7G1"}
{"o":162.82,"c":162.92,"h":162.92,"l":162.82,"v":3113.0,"Time":"2020-12-02T19:45:00Z","Interval":"5min","Figi":"BBG000BVV7G1"}
{"o":162.82,"c":162.92,"h":162.92,"l":162.82,"v":3213.0,"Time":"2020-12-02T19:45:00Z","Interval":"5min","Figi":"BBG000BVV7G1"}
{"o":162.82,"c":162.93,"h":162.93,"l":162.82,"v":3214.0,"Time":"2020-12-02T19:45:00Z","Interval":"5min","Figi":"BBG000BVV7G1"}
{"o":162.82,"c":162.93,"h":162.93,"l":162.82,"v":3223.0,"Time":"2020-12-02T19:45:00Z","Interval":"5min","Figi":"BBG000BVV7G1"}
{"o":162.82,"c":162.94,"h":162.94,"l":162.82,"v":3233.0,"Time":"2020-12-02T19:45:00Z","Interval":"5min","Figi":"BBG000BVV7G1"}
{"o":162.82,"c":162.94,"h":162.94,"l":162.82,"v":3333.0,"Time":"2020-12-02T19:45:00Z","Interval":"5min","Figi":"BBG000BVV7G1"}
{"o":162.82,"c":162.96,"h":162.96,"l":162.82,"v":3346.0,"Time":"2020-12-02T19:45:00Z","Interval":"5min","Figi":"BBG000BVV7G1"}
{"o":162.82,"c":162.96,"h":162.96,"l":162.82,"v":3354.0,"Time":"2020-12-02T19:45:00Z","Interval":"5min","Figi":"BBG000BVV7G1"}
{"o":162.82,"c":162.97,"h":162.97,"l":162.82,"v":3363.0,"Time":"2020-12-02T19:45:00Z","Interval":"5min","Figi":"BBG000BVV7G1"}
{"o":162.82,"c":162.97,"h":162.97,"l":162.82,"v":3364.0,"Time":"2020-12-02T19:45:00Z","Interval":"5min","Figi":"BBG000BVV7G1"}
{"o":162.82,"c":162.98,"h":162.98,"l":162.82,"v":3367.0,"Time":"2020-12-02T19:45:00Z","Interval":"5min","Figi":"BBG000BVV7G1"}
{"o":162.82,"c":162.99,"h":162.99,"l":162.82,"v":3377.0,"Time":"2020-12-02T19:45:00Z","Interval":"5min","Figi":"BBG000BVV7G1"}
{"o":162.82,"c":163.0,"h":163.0,"l":162.82,"v":3410.0,"Time":"2020-12-02T19:45:00Z","Interval":"5min","Figi":"BBG000BVV7G1"}
{"o":162.82,"c":163.0,"h":163.0,"l":162.82,"v":3411.0,"Time":"2020-12-02T19:45:00Z","Interval":"5min","Figi":"BBG000BVV7G1"}
{"o":162.82,"c":163.0,"h":163.0,"l":162.82,"v":3511.0,"Time":"2020-12-02T19:45:00Z","Interval":"5min","Figi":"BBG000BVV7G1"}
{"o":162.82,"c":163.01,"h":163.01,"l":162.82,"v":3710.0,"Time":"2020-12-02T19:45:00Z","Interval":"5min","Figi":"BBG000BVV7G1"}
{"o":162.82,"c":163.02,"h":163.02,"l":162.82,"v":3731.0,"Time":"2020-12-02T19:45:00Z","Interval":"5min","Figi":"BBG000BVV7G1"}
{"o":162.82,"c":163.03,"h":163.03,"l":162.82,"v":3741.0,"Time":"2020-12-02T19:45:00Z","Interval":"5min","Figi":"BBG000BVV7G1"}
{"o":162.82,"c":163.04,"h":163.04,"l":162.82,"v":3761.0,"Time":"2020-12-02T19:45:00Z","Interval":"5min","Figi":"BBG000BVV7G1"}
{"o":162.82,"c":163.04,"h":163.04,"l":162.82,"v":3846.0,"Time":"2020-12-02T19:45:00Z","Interval":"5min","Figi":"BBG000BVV7G1"}
{"o":162.82,"c":163.04,"h":163.04,"l":162.82,"v":3861.0,"Time":"2020-12-02T19:45:00Z","Interval":"5min","Figi":"BBG000BVV7G1"}
{"o":162.82,"c":163.05,"h":163.05,"l":162.82,"v":3956.0,"Time":"2020-12-02T19:45:00Z","Interval":"5min","Figi":"BBG000BVV7G1"}
{"o":162.82,"c":163.06,"h":163.06,"l":162.82,"v":3966.0,"Time":"2020-12-02T19:45:00Z","Interval":"5min","Figi":"BBG000BVV7G1"}
{"o":162.82,"c":163.08,"h":163.08,"l":162.82,"v":4056.0,"Time":"2020-12-02T19:45:00Z","Interval":"5min","Figi":"BBG000BVV7G1"}
{"o":162.82,"c":163.08,"h":163.08,"l":162.82,"v":4057.0,"Time":"2020-12-02T19:45:00Z","Interval":"5min","Figi":"BBG000BVV7G1"}
{"o":162.82,"c":163.11,"h":163.11,"l":162.82,"v":4311.0,"Time":"2020-12-02T19:45:00Z","Interval":"5min","Figi":"BBG000BVV7G1"}
{"o":162.82,"c":163.13,"h":163.13,"l":162.82,"v":4453.0,"Time":"2020-12-02T19:45:00Z","Interval":"5min","Figi":"BBG000BVV7G1"}
{"o":162.82,"c":163.15,"h":163.15,"l":162.82,"v":4553.0,"Time":"2020-12-02T19:45:00Z","Interval":"5min","Figi":"BBG000BVV7G1"}
{"o":162.82,"c":163.15,"h":163.15,"l":162.82,"v":4640.0,"Time":"2020-12-02T19:45:00Z","Interval":"5min","Figi":"BBG000BVV7G1"}
{"o":162.82,"c":163.15,"h":163.15,"l":162.82,"v":4653.0,"Time":"2020-12-02T19:45:00Z","Interval":"5min","Figi":"BBG000BVV7G1"}
{"o":162.82,"c":163.18,"h":163.18,"l":162.82,"v":4703.0,"Time":"2020-12-02T19:45:00Z","Interval":"5min","Figi":"BBG000BVV7G1"}
{"o":162.82,"c":163.23,"h":163.23,"l":162.82,"v":4704.0,"Time":"2020-12-02T19:45:00Z","Interval":"5min","Figi":"BBG000BVV7G1"}
{"o":162.82,"c":163.15,"h":163.23,"l":162.82,"v":4958.0,"Time":"2020-12-02T19:45:00Z","Interval":"5min","Figi":"BBG000BVV7G1"}
{"o":162.82,"c":163.14,"h":163.23,"l":162.82,"v":5580.0,"Time":"2020-12-02T19:45:00Z","Interval":"5min","Figi":"BBG000BVV7G1"}
{"o":162.82,"c":163.14,"h":163.23,"l":162.82,"v":6134.0,"Time":"2020-12-02T19:45:00Z","Interval":"5min","Figi":"BBG000BVV7G1"}
{"o":162.82,"c":163.09,"h":163.23,"l":162.82,"v":6209.0,"Time":"2020-12-02T19:45:00Z","Interval":"5min","Figi":"BBG000BVV7G1"}
{"o":162.82,"c":163.11,"h":163.23,"l":162.82,"v":6309.0,"Time":"2020-12-02T19:45:00Z","Interval":"5min","Figi":"BBG000BVV7G1"}
{"o":162.82,"c":163.09,"h":163.23,"l":162.82,"v":6402.0,"Time":"2020-12-02T19:45:00Z","Interval":"5min","Figi":"BBG000BVV7G1"}
{"o":162.82,"c":163.09,"h":163.23,"l":162.82,"v":6527.0,"Time":"2020-12-02T19:45:00Z","Interval":"5min","Figi":"BBG000BVV7G1"}
{"o":162.82,"c":163.09,"h":163.23,"l":162.82,"v":6534.0,"Time":"2020-12-02T19:45:00Z","Interval":"5min","Figi":"BBG000BVV7G1"}
{"o":162.82,"c":163.08,"h":163.23,"l":162.82,"v":6734.0,"Time":"2020-12-02T19:45:00Z","Interval":"5min","Figi":"BBG000BVV7G1"}
{"o":162.82,"c":163.07,"h":163.23,"l":162.82,"v":6834.0,"Time":"2020-12-02T19:45:00Z","Interval":"5min","Figi":"BBG000BVV7G1"}
{"o":162.82,"c":163.07,"h":163.23,"l":162.82,"v":6855.0,"Time":"2020-12-02T19:45:00Z","Interval":"5min","Figi":"BBG000BVV7G1"}
{"o":162.82,"c":163.14,"h":163.23,"l":162.82,"v":6888.0,"Time":"2020-12-02T19:45:00Z","Interval":"5min","Figi":"BBG000BVV7G1"}
{"o":162.82,"c":163.18,"h":163.23,"l":162.82,"v":6889.0,"Time":"2020-12-02T19:45:00Z","Interval":"5min","Figi":"BBG000BVV7G1"}
{"o":162.82,"c":163.15,"h":163.23,"l":162.82,"v":6891.0,"Time":"2020-12-02T19:45:00Z","Interval":"5min","Figi":"BBG000BVV7G1"}
{"o":163.16,"c":163.16,"h":163.16,"l":163.16,"v":42.0,"Time":"2020-12-02T19:50:00Z","Interval":"5min","Figi":"BBG000BVV7G1"}
{"o":163.16,"c":163.16,"h":163.16,"l":163.16,"v":53.0,"Time":"2020-12-02T19:50:00Z","Interval":"5min","Figi":"BBG000BVV7G1"}
{"o":163.16,"c":163.18,"h":163.18,"l":163.16,"v":55.0,"Time":"2020-12-02T19:50:00Z","Interval":"5min","Figi":"BBG000BVV7G1"}
{"o":163.16,"c":163.14,"h":163.18,"l":163.14,"v":156.0,"Time":"2020-12-02T19:50:00Z","Interval":"5min","Figi":"BBG000BVV7G1"}
{"o":163.16,"c":163.11,"h":163.18,"l":163.11,"v":756.0,"Time":"2020-12-02T19:50:00Z","Interval":"5min","Figi":"BBG000BVV7G1"}
{"o":163.16,"c":163.11,"h":163.18,"l":163.11,"v":1066.0,"Time":"2020-12-02T19:50:00Z","Interval":"5min","Figi":"BBG000BVV7G1"}
{"o":163.16,"c":163.1,"h":163.18,"l":163.1,"v":1166.0,"Time":"2020-12-02T19:50:00Z","Interval":"5min","Figi":"BBG000BVV7G1"}
{"o":163.16,"c":163.1,"h":163.18,"l":163.1,"v":1266.0,"Time":"2020-12-02T19:50:00Z","Interval":"5min","Figi":"BBG000BVV7G1"}
{"o":163.16,"c":163.07,"h":163.18,"l":163.07,"v":1566.0,"Time":"2020-12-02T19:50:00Z","Interval":"5min","Figi":"BBG000BVV7G1"}
{"o":163.16,"c":163.04,"h":163.18,"l":163.04,"v":1605.0,"Time":"2020-12-02T19:50:00Z","Interval":"5min","Figi":"BBG000BVV7G1"}
{"o":163.16,"c":163.04,"h":163.18,"l":163.04,"v":1705.0,"Time":"2020-12-02T19:50:00Z","Interval":"5min","Figi":"BBG000BVV7G1"}
{"o":163.16,"c":163.07,"h":163.18,"l":163.04,"v":1816.0,"Time":"2020-12-02T19:50:00Z","Interval":"5min","Figi":"BBG000BVV7G1"}
{"o":163.16,"c":163.12,"h":163.18,"l":163.04,"v":1866.0,"Time":"2020-12-02T19:50:00Z","Interval":"5min","Figi":"BBG000BVV7G1"}
{"o":163.16,"c":163.12,"h":163.18,"l":163.04,"v":1916.0,"Time":"2020-12-02T19:50:00Z","Interval":"5min","Figi":"BBG000BVV7G1"}
{"o":163.16,"c":163.14,"h":163.18,"l":163.04,"v":1924.0,"Time":"2020-12-02T19:50:00Z","Interval":"5min","Figi":"BBG000BVV7G1"}
{"o":163.16,"c":163.16,"h":163.18,"l":163.04,"v":1953.0,"Time":"2020-12-02T19:50:00Z","Interval":"5min","Figi":"BBG000BVV7G1"}
{"o":163.16,"c":163.16,"h":163.18,"l":163.04,"v":1977.0,"Time":"2020-12-02T19:50:00Z","Interval":"5min","Figi":"BBG000BVV7G1"}
{"o":163.16,"c":163.15,"h":163.18,"l":163.04,"v":1982.0,"Time":"2020-12-02T19:50:00Z","Interval":"5min","Figi":"BBG000BVV7G1"}
{"o":163.16,"c":163.15,"h":163.18,"l":163.04,"v":1982.0,"Time":"2020-12-02T19:50:00Z","Interval":"5min","Figi":"BBG000BVV7G1"}
{"o":163.16,"c":163.1,"h":163.18,"l":163.04,"v":2083.0,"Time":"2020-12-02T19:50:00Z","Interval":"5min","Figi":"BBG000BVV7G1"}
{"o":163.16,"c":163.1,"h":163.18,"l":163.04,"v":2183.0,"Time":"2020-12-02T19:50:00Z","Interval":"5min","Figi":"BBG000BVV7G1"}
{"o":163.16,"c":163.06,"h":163.18,"l":163.04,"v":2417.0,"Time":"2020-12-02T19:50:00Z","Interval":"5min","Figi":"BBG000BVV7G1"}
{"o":163.16,"c":163.06,"h":163.18,"l":163.04,"v":2429.0,"Time":"2020-12-02T19:50:00Z","Interval":"5min","Figi":"BBG000BVV7G1"}
{"o":163.16,"c":163.06,"h":163.18,"l":163.04,"v":2517.0,"Time":"2020-12-02T19:50:00Z","Interval":"5min","Figi":"BBG000BVV7G1"}
{"o":163.16,"c":163.06,"h":163.18,"l":163.04,"v":2617.0,"Time":"2020-12-02T19:50:00Z","Interval":"5min","Figi":"BBG000BVV7G1"}
{"o":163.16,"c":163.07,"h":163.18,"l":163.04,"v":2817.0,"Time":"2020-12-02T19:50:00Z","Interval":"5min","Figi":"BBG000BVV7G1"}
{"o":163.16,"c":163.09,"h":163.18,"l":163.04,"v":2917.0,"Time":"2020-12-02T19:50:00Z","Interval":"5min","Figi":"BBG000BVV7G1"}
{"o":163.16,"c":163.12,"h":163.18,"l":163.04,"v":3019.0,"Time":"2020-12-02T19:50:00Z","Interval":"5min","Figi":"BBG000BVV7G1"}
{"o":163.16,"c":163.13,"h":163.18,"l":163.04,"v":3029.0,"Time":"2020-12-02T19:50:00Z","Interval":"5min","Figi":"BBG000BVV7G1"}
{"o":163.16,"c":163.11,"h":163.18,"l":163.04,"v":3129.0,"Time":"2020-12-02T19:50:00Z","Interval":"5min","Figi":"BBG000BVV7G1"}
{"o":163.16,"c":163.11,"h":163.18,"l":163.04,"v":3429.0,"Time":"2020-12-02T19:50:00Z","Interval":"5min","Figi":"BBG000BVV7G1"}
{"o":163.16,"c":163.09,"h":163.18,"l":163.04,"v":4029.0,"Time":"2020-12-02T19:50:00Z","Interval":"5min","Figi":"BBG000BVV7G1"}
{"o":163.16,"c":163.05,"h":163.18,"l":163.04,"v":4129.0,"Time":"2020-12-02T19:50:00Z","Interval":"5min","Figi":"BBG000BVV7G1"}
{"o":163.16,"c":163.05,"h":163.18,"l":163.04,"v":4229.0,"Time":"2020-12-02T19:50:00Z","Interval":"5min","Figi":"BBG000BVV7G1"}
{"o":163.16,"c":163.08,"h":163.18,"l":163.04,"v":4329.0,"Time":"2020-12-02T19:50:00Z","Interval":"5min","Figi":"BBG000BVV7G1"}
{"o":163.16,"c":163.04,"h":163.18,"l":163.04,"v":4406.0,"Time":"2020-12-02T19:50:00Z","Interval":"5min","Figi":"BBG000BVV7G1"}
{"o":163.16,"c":163.04,"h":163.18,"l":163.04,"v":4431.0,"Time":"2020-12-02T19:50:00Z","Interval":"5min","Figi":"BBG000BVV7G1"}
{"o":163.16,"c":163.03,"h":163.18,"l":163.03,"v":4631.0,"Time":"2020-12-02T19:50:00Z","Interval":"5min","Figi":"BBG000BVV7G1"}
{"o":163.16,"c":163.02,"h":163.18,"l":163.02,"v":5131.0,"Time":"2020-12-02T19:50:00Z","Interval":"5min","Figi":"BBG000BVV7G1"}
{"o":163.16,"c":162.96,"h":163.18,"l":162.96,"v":5168.0,"Time":"2020-12-02T19:50:00Z","Interval":"5min","Figi":"BBG000BVV7G1"}
{"o":163.16,"c":163.0,"h":163.18,"l":162.96,"v":5369.0,"Time":"2020-12-02T19:50:00Z","Interval":"5min","Figi":"BBG000BVV7G1"}
{"o":163.16,"c":162.98,"h":163.18,"l":162.96,"v":5469.0,"Time":"2020-12-02T19:50:00Z","Interval":"5min","Figi":"BBG000BVV7G1"}
{"o":163.0,"c":163.0,"h":163.0,"l":163.0,"v":100.0,"Time":"2020-12-02T19:55:00Z","Interval":"5min","Figi":"BBG000BVV7G1"}
{"o":163.0,"c":163.02,"h":163.02,"l":163.0,"v":3409.0,"Time":"2020-12-02T19:55:00Z","Interval":"5min","Figi":"BBG000BVV7G1"}
{"o":163.0,"c":163.02,"h":163.02,"l":163.0,"v":4117.0,"Time":"2020-12-02T19:55:00Z","Interval":"5min","Figi":"BBG000BVV7G1"}
{"o":163.0,"c":163.02,"h":163.02,"l":163.0,"v":4217.0,"Time":"2020-12-02T19:55:00Z","Interval":"5min","Figi":"BBG000BVV7G1"}
{"o":163.0,"c":163.04,"h":163.04,"l":163.0,"v":4237.0,"Time":"2020-12-02T19:55:00Z","Interval":"5min","Figi":"BBG000BVV7G1"}
{"o":163.0,"c":163.04,"h":163.04,"l":163.0,"v":4437.0,"Time":"2020-12-02T19:55:00Z","Interval":"5min","Figi":"BBG000BVV7G1"}
{"o":163.0,"c":163.07,"h":163.07,"l":163.0,"v":4573.0,"Time":"2020-12-02T19:55:00Z","Interval":"5min","Figi":"BBG000BVV7G1"}
{"o":163.0,"c":163.08,"h":163.08,"l":163.0,"v":4693.0,"Time":"2020-12-02T19:55:00Z","Interval":"5min","Figi":"BBG000BVV7G1"}
{"o":163.0,"c":163.08,"h":163.08,"l":163.0,"v":4705.0,"Time":"2020-12-02T19:55:00Z","Interval":"5min","Figi":"BBG000BVV7G1"}
{"o":163.0,"c":163.07,"h":163.08,"l":163.0,"v":4805.0,"Time":"2020-12-02T19:55:00Z","Interval":"5min","Figi":"BBG000BVV7G1"}
{"o":163.0,"c":163.05,"h":163.08,"l":163.0,"v":5005.0,"Time":"2020-12-02T19:55:00Z","Interval":"5min","Figi":"BBG000BVV7G1"}
{"o":163.0,"c":163.05,"h":163.08,"l":163.0,"v":5105.0,"Time":"2020-12-02T19:55:00Z","Interval":"5min","Figi":"BBG000BVV7G1"}
{"o":163.0,"c":163.03,"h":163.08,"l":163.0,"v":5755.0,"Time":"2020-12-02T19:55:00Z","Interval":"5min","Figi":"BBG000BVV7G1"}
{"o":163.0,"c":163.05,"h":163.08,"l":163.0,"v":5855.0,"Time":"2020-12-02T19:55:00Z","Interval":"5min","Figi":"BBG000BVV7G1"}
{"o":163.0,"c":163.06,"h":163.08,"l":163.0,"v":6364.0,"Time":"2020-12-02T19:55:00Z","Interval":"5min","Figi":"BBG000BVV7G1"}
{"o":163.0,"c":163.06,"h":163.08,"l":163.0,"v":6405.0,"Time":"2020-12-02T19:55:00Z","Interval":"5min","Figi":"BBG000BVV7G1"}
{"o":163.0,"c":163.06,"h":163.08,"l":163.0,"v":6464.0,"Time":"2020-12-02T19:55:00Z","Interval":"5min","Figi":"BBG000BVV7G1"}
{"o":163.0,"c":163.05,"h":163.08,"l":163.0,"v":6564.0,"Time":"2020-12-02T19:55:00Z","Interval":"5min","Figi":"BBG000BVV7G1"}
{"o":163.0,"c":163.06,"h":163.08,"l":163.0,"v":6705.0,"Time":"2020-12-02T19:55:00Z","Interval":"5min","Figi":"BBG000BVV7G1"}
{"o":163.0,"c":163.06,"h":163.08,"l":163.0,"v":6805.0,"Time":"2020-12-02T19:55:00Z","Interval":"5min","Figi":"BBG000BVV7G1"}
{"o":163.0,"c":163.06,"h":163.08,"l":163.0,"v":6905.0,"Time":"2020-12-02T19:55:00Z","Interval":"5min","Figi":"BBG000BVV7G1"}
{"o":163.0,"c":163.06,"h":163.08,"l":163.0,"v":7005.0,"Time":"2020-12-02T19:55:00Z","Interval":"5min","Figi":"BBG000BVV7G1"}
{"o":163.0,"c":163.07,"h":163.08,"l":163.0,"v":7052.0,"Time":"2020-12-02T19:55:00Z","Interval":"5min","Figi":"BBG000BVV7G1"}
{"o":163.0,"c":163.06,"h":163.08,"l":163.0,"v":7152.0,"Time":"2020-12-02T19:55:00Z","Interval":"5min","Figi":"BBG000BVV7G1"}
{"o":163.0,"c":163.06,"h":163.08,"l":163.0,"v":7252.0,"Time":"2020-12-02T19:55:00Z","Interval":"5min","Figi":"BBG000BVV7G1"}
{"o":163.0,"c":163.04,"h":163.08,"l":163.0,"v":7301.0,"Time":"2020-12-02T19:55:00Z","Interval":"5min","Figi":"BBG000BVV7G1"}
{"o":163.0,"c":163.02,"h":163.08,"l":163.0,"v":7401.0,"Time":"2020-12-02T19:55:00Z","Interval":"5min","Figi":"BBG000BVV7G1"}
{"o":163.0,"c":163.0,"h":163.08,"l":163.0,"v":7501.0,"Time":"2020-12-02T19:55:00Z","Interval":"5min","Figi":"BBG000BVV7G1"}
{"o":163.0,"c":162.97,"h":163.08,"l":162.97,"v":7509.0,"Time":"2020-12-02T19:55:00Z","Interval":"5min","Figi":"BBG000BVV7G1"}
{"o":163.0,"c":163.0,"h":163.08,"l":162.97,"v":7609.0,"Time":"2020-12-02T19:55:00Z","Interval":"5min","Figi":"BBG000BVV7G1"}
{"o":163.0,"c":163.0,"h":163.08,"l":162.97,"v":7709.0,"Time":"2020-12-02T19:55:00Z","Interval":"5min","Figi":"BBG000BVV7G1"}
{"o":163.0,"c":163.0,"h":163.08,"l":162.97,"v":7809.0,"Time":"2020-12-02T19:55:00Z","Interval":"5min","Figi":"BBG000BVV7G1"}
{"o":163.0,"c":163.0,"h":163.08,"l":162.97,"v":7909.0,"Time":"2020-12-02T19:55:00Z","Interval":"5min","Figi":"BBG000BVV7G1"}
{"o":163.0,"c":163.0,"h":163.08,"l":162.97,"v":8009.0,"Time":"2020-12-02T19:55:00Z","Interval":"5min","Figi":"BBG000BVV7G1"}
{"o":163.0,"c":162.99,"h":163.08,"l":162.97,"v":8109.0,"Time":"2020-12-02T19:55:00Z","Interval":"5min","Figi":"BBG000BVV7G1"}
{"o":163.0,"c":162.97,"h":163.08,"l":162.97,"v":8111.0,"Time":"2020-12-02T19:55:00Z","Interval":"5min","Figi":"BBG000BVV7G1"}
{"o":163.0,"c":162.97,"h":163.08,"l":162.97,"v":8211.0,"Time":"2020-12-02T19:55:00Z","Interval":"5min","Figi":"BBG000BVV7G1"}
{"o":163.0,"c":162.98,"h":163.08,"l":162.97,"v":8311.0,"Time":"2020-12-02T19:55:00Z","Interval":"5min","Figi":"BBG000BVV7G1"}
{"o":163.0,"c":162.94,"h":163.08,"l":162.94,"v":8411.0,"Time":"2020-12-02T19:55:00Z","Interval":"5min","Figi":"BBG000BVV7G1"}
{"o":163.0,"c":162.96,"h":163.08,"l":162.94,"v":8500.0,"Time":"2020-12-02T19:55:00Z","Interval":"5min","Figi":"BBG000BVV7G1"}
{"o":163.0,"c":162.93,"h":163.08,"l":162.93,"v":8502.0,"Time":"2020-12-02T19:55:00Z","Interval":"5min","Figi":"BBG000BVV7G1"}
{"o":163.0,"c":162.94,"h":163.08,"l":162.93,"v":8602.0,"Time":"2020-12-02T19:55:00Z","Interval":"5min","Figi":"BBG000BVV7G1"}
{"o":163.0,"c":162.94,"h":163.08,"l":162.93,"v":8602.0,"Time":"2020-12-02T19:55:00Z","Interval":"5min","Figi":"BBG000BVV7G1"}
{"o":163.0,"c":162.94,"h":163.08,"l":162.93,"v":8652.0,"Time":"2020-12-02T19:55:00Z","Interval":"5min","Figi":"BBG000BVV7G1"}
{"o":163.0,"c":162.93,"h":163.08,"l":162.93,"v":8653.0,"Time":"2020-12-02T19:55:00Z","Interval":"5min","Figi":"BBG000BVV7G1"}
{"o":163.0,"c":162.93,"h":163.08,"l":162.93,"v":8763.0,"Time":"2020-12-02T19:55:00Z","Interval":"5min","Figi":"BBG000BVV7G1"}
{"o":163.0,"c":162.93,"h":163.08,"l":162.93,"v":8863.0,"Time":"2020-12-02T19:55:00Z","Interval":"5min","Figi":"BBG000BVV7G1"}
{"o":163.0,"c":162.94,"h":163.08,"l":162.93,"v":9063.0,"Time":"2020-12-02T19:55:00Z","Interval":"5min","Figi":"BBG000BVV7G1"}
{"o":163.0,"c":162.94,"h":163.08,"l":162.93,"v":9163.0,"Time":"2020-12-02T19:55:00Z","Interval":"5min","Figi":"BBG000BVV7G1"}
{"o":163.0,"c":162.93,"h":163.08,"l":162.93,"v":9164.0,"Time":"2020-12-02T19:55:00Z","Interval":"5min","Figi":"BBG000BVV7G1"}
{"o":163.0,"c":162.92,"h":163.08,"l":162.92,"v":9169.0,"Time":"2020-12-02T19:55:00Z","Interval":"5min","Figi":"BBG000BVV7G1"}
{"o":163.0,"c":162.93,"h":163.08,"l":162.92,"v":9379.0,"Time":"2020-12-02T19:55:00Z","Interval":"5min","Figi":"BBG000BVV7G1"}
{"o":163.0,"c":162.93,"h":163.08,"l":162.92,"v":9429.0,"Time":"2020-12-02T19:55:00Z","Interval":"5min","Figi":"BBG000BVV7G1"}
{"o":163.0,"c":162.93,"h":163.08,"l":162.92,"v":9479.0,"Time":"2020-12-02T19:55:00Z","Interval":"5min","Figi":"BBG000BVV7G1"}
{"o":163.0,"c":162.93,"h":163.08,"l":162.92,"v":9494.0,"Time":"2020-12-02T19:55:00Z","Interval":"5min","Figi":"BBG000BVV7G1"}
{"o":163.0,"c":162.91,"h":163.08,"l":162.91,"v":9694.0,"Time":"2020-12-02T19:55:00Z","Interval":"5min","Figi":"BBG000BVV7G1"}
{"o":163.0,"c":162.91,"h":163.08,"l":162.91,"v":9719.0,"Time":"2020-12-02T19:55:00Z","Interval":"5min","Figi":"BBG000BVV7G1"}
{"o":163.0,"c":162.93,"h":163.08,"l":162.91,"v":9769.0,"Time":"2020-12-02T19:55:00Z","Interval":"5min","Figi":"BBG000BVV7G1"}
{"o":163.0,"c":162.93,"h":163.08,"l":162.91,"v":9804.0,"Time":"2020-12-02T19:55:00Z","Interval":"5min","Figi":"BBG000BVV7G1"}
{"o":163.0,"c":162.9,"h":163.08,"l":162.9,"v":10156.0,"Time":"2020-12-02T19:55:00Z","Interval":"5min","Figi":"BBG000BVV7G1"}
{"o":163.0,"c":162.9,"h":163.08,"l":162.9,"v":10714.0,"Time":"2020-12-02T19:55:00Z","Interval":"5min","Figi":"BBG000BVV7G1"}
{"o":163.0,"c":162.89,"h":163.08,"l":162.89,"v":10717.0,"Time":"2020-12-02T19:55:00Z","Interval":"5min","Figi":"BBG000BVV7G1"}
{"o":163.0,"c":162.87,"h":163.08,"l":162.87,"v":10817.0,"Time":"2020-12-02T19:55:00Z","Interval":"5min","Figi":"BBG000BVV7G1"}
{"o":163.0,"c":162.86,"h":163.08,"l":162.86,"v":10881.0,"Time":"2020-12-02T19:55:00Z","Interval":"5min","Figi":"BBG000BVV7G1"}
{"o":163.0,"c":162.86,"h":163.08,"l":162.86,"v":10934.0,"Time":"2020-12-02T19:55:00Z","Interval":"5min","Figi":"BBG000BVV7G1"}
{"o":163.0,"c":162.85,"h":163.08,"l":162.85,"v":10981.0,"Time":"2020-12-02T19:55:00Z","Interval":"5min","Figi":"BBG000BVV7G1"}
{"o":163.0,"c":162.88,"h":163.08,"l":162.85,"v":10983.0,"Time":"2020-12-02T19:55:00Z","Interval":"5min","Figi":"BBG000BVV7G1"}
{"o":163.0,"c":162.88,"h":163.08,"l":162.85,"v":11034.0,"Time":"2020-12-02T19:55:00Z","Interval":"5min","Figi":"BBG000BVV7G1"}
{"o":163.0,"c":162.88,"h":163.08,"l":162.85,"v":11183.0,"Time":"2020-12-02T19:55:00Z","Interval":"5min","Figi":"BBG000BVV7G1"}
{"o":163.0,"c":162.89,"h":163.08,"l":162.85,"v":11283.0,"Time":"2020-12-02T19:55:00Z","Interval":"5min","Figi":"BBG000BVV7G1"}
{"o":163.0,"c":162.9,"h":163.08,"l":162.85,"v":11383.0,"Time":"2020-12-02T19:55:00Z","Interval":"5min","Figi":"BBG000BVV7G1"}
{"o":163.0,"c":162.92,"h":163.08,"l":162.85,"v":11446.0,"Time":"2020-12-02T19:55:00Z","Interval":"5min","Figi":"BBG000BVV7G1"}
{"o":163.0,"c":162.91,"h":163.08,"l":162.85,"v":11546.0,"Time":"2020-12-02T19:55:00Z","Interval":"5min","Figi":"BBG000BVV7G1"}
{"o":163.0,"c":162.88,"h":163.08,"l":162.85,"v":11676.0,"Time":"2020-12-02T19:55:00Z","Interval":"5min","Figi":"BBG000BVV7G1"}
{"o":163.0,"c":162.86,"h":163.08,"l":162.85,"v":11776.0,"Time":"2020-12-02T19:55:00Z","Interval":"5min","Figi":"BBG000BVV7G1"}
{"o":163.0,"c":162.89,"h":163.08,"l":162.85,"v":11853.0,"Time":"2020-12-02T19:55:00Z","Interval":"5min","Figi":"BBG000BVV7G1"}
{"o":163.0,"c":162.89,"h":163.08,"l":162.85,"v":11861.0,"Time":"2020-12-02T19:55:00Z","Interval":"5min","Figi":"BBG000BVV7G1"}
{"o":163.0,"c":162.89,"h":163.08,"l":162.85,"v":11971.0,"Time":"2020-12-02T19:55:00Z","Interval":"5min","Figi":"BBG000BVV7G1"}
{"o":163.0,"c":162.87,"h":163.08,"l":162.85,"v":12071.0,"Time":"2020-12-02T19:55:00Z","Interval":"5min","Figi":"BBG000BVV7G1"}
{"o":163.0,"c":162.91,"h":163.08,"l":162.85,"v":12471.0,"Time":"2020-12-02T19:55:00Z","Interval":"5min","Figi":"BBG000BVV7G1"}
{"o":163.0,"c":162.9,"h":163.08,"l":162.85,"v":12571.0,"Time":"2020-12-02T19:55:00Z","Interval":"5min","Figi":"BBG000BVV7G1"}
{"o":162.89,"c":162.89,"h":162.89,"l":162.89,"v":50.0,"Time":"2020-12-02T20:00:00Z","Interval":"5min","Figi":"BBG000BVV7G1"}
{"o":162.89,"c":162.88,"h":162.89,"l":162.88,"v":100.0,"Time":"2020-12-02T20:00:00Z","Interval":"5min","Figi":"BBG000BVV7G1"}
{"o":162.89,"c":162.88,"h":162.89,"l":162.88,"v":172.0,"Time":"2020-12-02T20:00:00Z","Interval":"5min","Figi":"BBG000BVV7G1"}
{"o":162.89,"c":162.88,"h":162.89,"l":162.88,"v":230.0,"Time":"2020-12-02T20:00:00Z","Interval":"5min","Figi":"BBG000BVV7G1"}
{"o":162.89,"c":162.87,"h":162.89,"l":162.87,"v":330.0,"Time":"2020-12-02T20:00:00Z","Interval":"5min","Figi":"BBG000BVV7G1"}
{"o":162.89,"c":162.87,"h":162.89,"l":162.87,"v":430.0,"Time":"2020-12-02T20:00:00Z","Interval":"5min","Figi":"BBG000BVV7G1"}
{"o":162.89,"c":162.87,"h":162.89,"l":162.87,"v":439.0,"Time":"2020-12-02T20:00:00Z","Interval":"5min","Figi":"BBG000BVV7G1"}
{"o":162.89,"c":162.87,"h":162.89,"l":162.87,"v":540.0,"Time":"2020-12-02T20:00:00Z","Interval":"5min","Figi":"BBG000BVV7G1"}
{"o":162.89,"c":162.86,"h":162.89,"l":162.86,"v":689.0,"Time":"2020-12-02T20:00:00Z","Interval":"5min","Figi":"BBG000BVV7G1"}
{"o":162.89,"c":162.85,"h":162.89,"l":162.85,"v":755.0,"Time":"2020-12-02T20:00:00Z","Interval":"5min","Figi":"BBG000BVV7G1"}
{"o":162.89,"c":162.85,"h":162.89,"l":162.85,"v":762.0,"Time":"2020-12-02T20:00:00Z","Interval":"5min","Figi":"BBG000BVV7G1"}
{"o":162.89,"c":162.85,"h":162.89,"l":162.85,"v":776.0,"Time":"2020-12-02T20:00:00Z","Interval":"5min","Figi":"BBG000BVV7G1"}
{"o":162.89,"c":162.87,"h":162.89,"l":162.85,"v":778.0,"Time":"2020-12-02T20:00:00Z","Interval":"5min","Figi":"BBG000BVV7G1"}
{"o":162.89,"c":162.87,"h":162.89,"l":162.85,"v":986.0,"Time":"2020-12-02T20:00:00Z","Interval":"5min","Figi":"BBG000BVV7G1"}
{"o":162.89,"c":162.86,"h":162.89,"l":162.85,"v":1086.0,"Time":"2020-12-02T20:00:00Z","Interval":"5min","Figi":"BBG000BVV7G1"}
{"o":162.89,"c":162.85,"h":162.89,"l":162.85,"v":1088.0,"Time":"2020-12-02T20:00:00Z","Interval":"5min","Figi":"BBG000BVV7G1"}
{"o":162.89,"c":162.85,"h":162.89,"l":162.85,"v":1106.0,"Time":"2020-12-02T20:00:00Z","Interval":"5min","Figi":"BBG000BVV7G1"}
{"o":162.89,"c":162.85,"h":162.89,"l":162.85,"v":1115.0,"Time":"2020-12-02T20:00:00Z","Interval":"5min","Figi":"BBG000BVV7G1"}
{"o":162.89,"c":162.87,"h":162.89,"l":162.85,"v":1215.0,"Time":"2020-12-02T20:00:00Z","Interval":"5min","Figi":"BBG000BVV7G1"}
{"o":162.89,"c":162.85,"h":162.89,"l":162.85,"v":1315.0,"Time":"2020-12-02T20:00:00Z","Interval":"5min","Figi":"BBG000BVV7G1"}
{"o":162.89,"c":162.84,"h":162.89,"l":162.84,"v":1415.0,"Time":"2020-12-02T20:00:00Z","Interval":"5min","Figi":"BBG000BVV7G1"}
{"o":162.89,"c":162.83,"h":162.89,"l":162.83,"v":1625.0,"Time":"2020-12-02T20:00:00Z","Interval":"5min","Figi":"BBG000BVV7G1"}
{"o":162.89,"c":162.83,"h":162.89,"l":162.83,"v":1725.0,"Time":"2020-12-02T20:00:00Z","Interval":"5min","Figi":"BBG000BVV7G1"}
{"o":162.89,"c":162.83,"h":162.89,"l":162.83,"v":1892.0,"Time":"2020-12-02T20:00:00Z","Interval":"5min","Figi":"BBG000BVV7G1"}
{"o":162.89,"c":162.83,"h":162.89,"l":162.83,"v":1992.0,"Time":"2020-12-02T20:00:00Z","Interval":"5min","Figi":"BBG000BVV7G1"}
{"o":162.89,"c":162.83,"h":162.89,"l":162.83,"v":2002.0,"Time":"2020-12-02T20:00:00Z","Interval":"5min","Figi":"BBG000BVV7G1"}
{"o":162.89,"c":162.83,"h":162.89,"l":162.83,"v":2102.0,"Time":"2020-12-02T20:00:00Z","Interval":"5min","Figi":"BBG000BVV7G1"}
{"o":162.89,"c":162.83,"h":162.89,"l":162.83,"v":2302.0,"Time":"2020-12-02T20:00:00Z","Interval":"5min","Figi":"BBG000BVV7G1"}
{"o":162.89,"c":162.85,"h":162.89,"l":162.83,"v":2602.0,"Time":"2020-12-02T20:00:00Z","Interval":"5min","Figi":"BBG000BVV7G1"}
{"o":162.89,"c":162.86,"h":162.89,"l":162.83,"v":2702.0,"Time":"2020-12-02T20:00:00Z","Interval":"5min","Figi":"BBG000BVV7G1"}
{"o":162.89,"c":162.86,"h":162.89,"l":162.83,"v":2710.0,"Time":"2020-12-02T20:00:00Z","Interval":"5min","Figi":"BBG000BVV7G1"}
{"o":162.89,"c":162.87,"h":162.89,"l":162.83,"v":2732.0,"Time":"2020-12-02T20:00:00Z","Interval":"5min","Figi":"BBG000BVV7G1"}
{"o":162.89,"c":162.88,"h":162.89,"l":162.83,"v":2932.0,"Time":"2020-12-02T20:00:00Z","Interval":"5min","Figi":"BBG000BVV7G1"}
{"o":162.89,"c":162.89,"h":162.89,"l":162.83,"v":3140.0,"Time":"2020-12-02T20:00:00Z","Interval":"5min","Figi":"BBG000BVV7G1"}
{"o":162.89,"c":162.87,"h":162.89,"l":162.83,"v":3142.0,"Time":"2020-12-02T20:00:00Z","Interval":"5min","Figi":"BBG000BVV7G1"}
{"o":162.89,"c":162.86,"h":162.89,"l":162.83,"v":3242.0,"Time":"2020-12-02T20:00:00Z","Interval":"5min","Figi":"BBG000BVV7G1"}
{"o":162.89,"c":162.86,"h":162.89,"l":162.83,"v":3352.0,"Time":"2020-12-02T20:00:00Z","Interval":"5min","Figi":"BBG000BVV7G1"}
{"o":162.89,"c":162.89,"h":162.89,"l":162.83,"v":3462.0,"Time":"2020-12-02T20:00:00Z","Interval":"5min","Figi":"BBG000BVV7G1"}
{"o":162.89,"c":162.89,"h":162.89,"l":162.83,"v":3472.0,"Time":"2020-12-02T20:00:00Z","Interval":"5min","Figi":"BBG000BVV7G1"}
{"o":162.89,"c":162.9,"h":162.9,"l":162.83,"v":3476.0,"Time":"2020-12-02T20:00:00Z","Interval":"5min","Figi":"BBG000BVV7G1"}
{"o":162.89,"c":162.86,"h":162.9,"l":162.83,"v":3576.0,"Time":"2020-12-02T20:00:00Z","Interval":"5min","Figi":"BBG000BVV7G1"}
{"o":162.89,"c":162.88,"h":162.9,"l":162.83,"v":3676.0,"Time":"2020-12-02T20:00:00Z","Interval":"5min","Figi":"BBG000BVV7G1"}
{"o":162.89,"c":162.9,"h":162.9,"l":162.83,"v":3684.0,"Time":"2020-12-02T20:00:00Z","Interval":"5min","Figi":"BBG000BVV7G1"}
{"o":162.89,"c":162.9,"h":162.9,"l":162.83,"v":3878.0,"Time":"2020-12-02T20:00:00Z","Interval":"5min","Figi":"BBG000BVV7G1"}
{"o":162.89,"c":162.92,"h":162.92,"l":162.83,"v":4078.0,"Time":"2020-12-02T20:00:00Z","Interval":"5min","Figi":"BBG000BVV7G1"}
{"o":162.89,"c":162.92,"h":162.92,"l":162.83,"v":4385.0,"Time":"2020-12-02T20:00:00Z","Interval":"5min","Figi":"BBG000BVV7G1"}
{"o":162.89,"c":162.92,"h":162.92,"l":162.83,"v":4411.0,"Time":"2020-12-02T20:00:00Z","Interval":"5min","Figi":"BBG000BVV7G1"}
{"o":162.89,"c":162.92,"h":162.92,"l":162.83,"v":4611.0,"Time":"2020-12-02T20:00:00Z","Interval":"5min","Figi":"BBG000BVV7G1"}
{"o":162.89,"c":162.94,"h":162.94,"l":162.83,"v":4612.0,"Time":"2020-12-02T20:00:00Z","Interval":"5min","Figi":"BBG000BVV7G1"}
{"o":162.89,"c":162.88,"h":162.94,"l":162.83,"v":4912.0,"Time":"2020-12-02T20:00:00Z","Interval":"5min","Figi":"BBG000BVV7G1"}
{"o":162.89,"c":162.88,"h":162.94,"l":162.83,"v":5012.0,"Time":"2020-12-02T20:00:00Z","Interval":"5min","Figi":"BBG000BVV7G1"}
{"o":162.89,"c":162.87,"h":162.94,"l":162.83,"v":5112.0,"Time":"2020-12-02T20:00:00Z","Interval":"5min","Figi":"BBG000BVV7G1"}
{"o":162.89,"c":162.87,"h":162.94,"l":162.83,"v":5122.0,"Time":"2020-12-02T20:00:00Z","Interval":"5min","Figi":"BBG000BVV7G1"}
{"o":162.89,"c":162.87,"h":162.94,"l":162.83,"v":5322.0,"Time":"2020-12-02T20:00:00Z","Interval":"5min","Figi":"BBG000BVV7G1"}
{"o":162.89,"c":162.84,"h":162.94,"l":162.83,"v":5493.0,"Time":"2020-12-02T20:00:00Z","Interval":"5min","Figi":"BBG000BVV7G1"}
{"o":162.89,"c":162.84,"h":162.94,"l":162.83,"v":5542.0,"Time":"2020-12-02T20:00:00Z","Interval":"5min","Figi":"BBG000BVV7G1"}
{"o":162.89,"c":162.84,"h":162.94,"l":162.83,"v":5622.0,"Time":"2020-12-02T20:00:00Z","Interval":"5min","Figi":"BBG000BVV7G1"}
{"o":162.89,"c":162.88,"h":162.94,"l":162.83,"v":5634.0,"Time":"2020-12-02T20:00:00Z","Interval":"5min","Figi":"BBG000BVV7G1"}
{"o":162.89,"c":162.88,"h":162.94,"l":162.83,"v":6122.0,"Time":"2020-12-02T20:00:00Z","Interval":"5min","Figi":"BBG000BVV7G1"}
{"o":162.89,"c":162.88,"h":162.94,"l":162.83,"v":6169.0,"Time":"2020-12-02T20:00:00Z","Interval":"5min","Figi":"BBG000BVV7G1"}
{"o":162.89,"c":162.88,"h":162.94,"l":162.83,"v":7169.0,"Time":"2020-12-02T20:00:00Z","Interval":"5min","Figi":"BBG000BVV7G1"}
{"o":162.89,"c":162.88,"h":162.94,"l":162.83,"v":7669.0,"Time":"2020-12-02T20:00:00Z","Interval":"5min","Figi":"BBG000BVV7G1"}
{"o":162.89,"c":162.89,"h":162.94,"l":162.83,"v":7689.0,"Time":"2020-12-02T20:00:00Z","Interval":"5min","Figi":"BBG000BVV7G1"}
{"o":162.89,"c":162.86,"h":162.94,"l":162.83,"v":7789.0,"Time":"2020-12-02T20:00:00Z","Interval":"5min","Figi":"BBG000BVV7G1"}
{"o":162.89,"c":162.86,"h":162.94,"l":162.83,"v":7889.0,"Time":"2020-12-02T20:00:00Z","Interval":"5min","Figi":"BBG000BVV7G1"}
{"o":162.89,"c":162.85,"h":162.94,"l":162.83,"v":7897.0,"Time":"2020-12-02T20:00:00Z","Interval":"5min","Figi":"BBG000BVV7G1"}
{"o":162.89,"c":162.86,"h":162.94,"l":162.83,"v":7997.0,"Time":"2020-12-02T20:00:00Z","Interval":"5min","Figi":"BBG000BVV7G1"}
{"o":162.89,"c":162.84,"h":162.94,"l":162.83,"v":8100.0,"Time":"2020-12-02T20:00:00Z","Interval":"5min","Figi":"BBG000BVV7G1"}
{"o":162.89,"c":162.84,"h":162.94,"l":162.82,"v":8113.0,"Time":"2020-12-02T20:00:00Z","Interval":"5min","Figi":"BBG000BVV7G1"}
{"o":162.89,"c":162.82,"h":162.94,"l":162.82,"v":8145.0,"Time":"2020-12-02T20:00:00Z","Interval":"5min","Figi":"BBG000BVV7G1"}
{"o":162.89,"c":162.81,"h":162.94,"l":162.81,"v":8150.0,"Time":"2020-12-02T20:00:00Z","Interval":"5min","Figi":"BBG000BVV7G1"}
{"o":162.89,"c":162.79,"h":162.94,"l":162.79,"v":8250.0,"Time":"2020-12-02T20:00:00Z","Interval":"5min","Figi":"BBG000BVV7G1"}
{"o":162.89,"c":162.8,"h":162.94,"l":162.79,"v":8255.0,"Time":"2020-12-02T20:00:00Z","Interval":"5min","Figi":"BBG000BVV7G1"}
{"o":162.89,"c":162.78,"h":162.94,"l":162.78,"v":8303.0,"Time":"2020-12-02T20:00:00Z","Interval":"5min","Figi":"BBG000BVV7G1"}
{"o":162.89,"c":162.77,"h":162.94,"l":162.77,"v":8421.0,"Time":"2020-12-02T20:00:00Z","Interval":"5min","Figi":"BBG000BVV7G1"}
{"o":162.89,"c":162.77,"h":162.94,"l":162.77,"v":8632.0,"Time":"2020-12-02T20:00:00Z","Interval":"5min","Figi":"BBG000BVV7G1"}
{"o":162.89,"c":162.8,"h":162.94,"l":162.77,"v":8642.0,"Time":"2020-12-02T20:00:00Z","Interval":"5min","Figi":"BBG000BVV7G1"}
{"o":162.89,"c":162.82,"h":162.94,"l":162.77,"v":9010.0,"Time":"2020-12-02T20:00:00Z","Interval":"5min","Figi":"BBG000BVV7G1"}
{"o":162.89,"c":162.82,"h":162.94,"l":162.77,"v":9110.0,"Time":"2020-12-02T20:00:00Z","Interval":"5min","Figi":"BBG000BVV7G1"}
{"o":162.89,"c":162.83,"h":162.94,"l":162.77,"v":9111.0,"Time":"2020-12-02T20:00:00Z","Interval":"5min","Figi":"BBG000BVV7G1"}
{"o":162.89,"c":162.85,"h":162.94,"l":162.77,"v":9211.0,"Time":"2020-12-02T20:00:00Z","Interval":"5min","Figi":"BBG000BVV7G1"}
{"o":162.89,"c":162.88,"h":162.94,"l":162.77,"v":9238.0,"Time":"2020-12-02T20:00:00Z","Interval":"5min","Figi":"BBG000BVV7G1"}
{"o":162.89,"c":162.88,"h":162.94,"l":162.77,"v":9274.0,"Time":"2020-12-02T20:00:00Z","Interval":"5min","Figi":"BBG000BVV7G1"}
{"o":162.89,"c":162.88,"h":162.94,"l":162.77,"v":9298.0,"Time":"2020-12-02T20:00:00Z","Interval":"5min","Figi":"BBG000BVV7G1"}
{"o":162.89,"c":162.85,"h":162.94,"l":162.77,"v":9398.0,"Time":"2020-12-02T20:00:00Z","Interval":"5min","Figi":"BBG000BVV7G1"}
{"o":162.89,"c":162.88,"h":162.94,"l":162.77,"v":9411.0,"Time":"2020-12-02T20:00:00Z","Interval":"5min","Figi":"BBG000BVV7G1"}
{"o":162.89,"c":162.89,"h":162.94,"l":162.77,"v":9711.0,"Time":"2020-12-02T20:00:00Z","Interval":"5min","Figi":"BBG000BVV7G1"}
{"o":162.89,"c":162.89,"h":162.94,"l":162.77,"v":9731.0,"Time":"2020-12-02T20:00:00Z","Interval":"5min","Figi":"BBG000BVV7G1"}
{"o":162.89,"c":162.89,"h":162.94,"l":162.77,"v":9811.0,"Time":"2020-12-02T20:00:00Z","Interval":"5min","Figi":"BBG000BVV7G1"}
{"o":162.89,"c":162.89,"h":162.94,"l":162.77,"v":9831.0,"Time":"2020-12-02T20:00:00Z","Interval":"5min","Figi":"BBG000BVV7G1"}
{"o":162.89,"c":162.89,"h":162.94,"l":162.77,"v":10031.0,"Time":"2020-12-02T20:00:00Z","Interval":"5min","Figi":"BBG000BVV7G1"}
{"o":162.89,"c":162.89,"h":162.94,"l":162.77,"v":10186.0,"Time":"2020-12-02T20:00:00Z","Interval":"5min","Figi":"BBG000BVV7G1"}
{"o":162.89,"c":162.89,"h":162.94,"l":162.77,"v":10231.0,"Time":"2020-12-02T20:00:00Z","Interval":"5min","Figi":"BBG000BVV7G1"}
{"o":162.89,"c":162.89,"h":162.94,"l":162.77,"v":10486.0,"Time":"2020-12-02T20:00:00Z","Interval":"5min","Figi":"BBG000BVV7G1"}
{"o":162.89,"c":162.89,"h":162.94,"l":162.77,"v":10531.0,"Time":"2020-12-02T20:00:00Z","Interval":"5min","Figi":"BBG000BVV7G1"}
{"o":162.89,"c":162.89,"h":162.94,"l":162.77,"v":10634.0,"Time":"2020-12-02T20:00:00Z","Interval":"5min","Figi":"BBG000BVV7G1"}
{"o":162.89,"c":162.89,"h":162.94,"l":162.77,"v":10638.0,"Time":"2020-12-02T20:00:00Z","Interval":"5min","Figi":"BBG000BVV7G1"}
{"o":162.89,"c":162.87,"h":162.94,"l":162.77,"v":10639.0,"Time":"2020-12-02T20:00:00Z","Interval":"5min","Figi":"BBG000BVV7G1"}
{"o":162.89,"c":162.86,"h":162.94,"l":162.77,"v":10739.0,"Time":"2020-12-02T20:00:00Z","Interval":"5min","Figi":"BBG000BVV7G1"}
{"o":162.89,"c":162.86,"h":162.94,"l":162.77,"v":10742.0,"Time":"2020-12-02T20:00:00Z","Interval":"5min","Figi":"BBG000BVV7G1"}
{"o":162.89,"c":162.86,"h":162.94,"l":162.77,"v":10743.0,"Time":"2020-12-02T20:00:00Z","Interval":"5min","Figi":"BBG000BVV7G1"}
{"o":162.89,"c":162.85,"h":162.94,"l":162.77,"v":10746.0,"Time":"2020-12-02T20:00:00Z","Interval":"5min","Figi":"BBG000BVV7G1"}
{"o":162.89,"c":162.86,"h":162.94,"l":162.77,"v":10846.0,"Time":"2020-12-02T20:00:00Z","Interval":"5min","Figi":"BBG000BVV7G1"}
{"o":162.89,"c":162.85,"h":162.94,"l":162.77,"v":10854.0,"Time":"2020-12-02T20:00:00Z","Interval":"5min","Figi":"BBG000BVV7G1"}
{"o":162.89,"c":162.85,"h":162.94,"l":162.77,"v":10860.0,"Time":"2020-12-02T20:00:00Z","Interval":"5min","Figi":"BBG000BVV7G1"}
{"o":162.89,"c":162.85,"h":162.94,"l":162.77,"v":10862.0,"Time":"2020-12-02T20:00:00Z","Interval":"5min","Figi":"BBG000BVV7G1"}
{"o":162.89,"c":162.83,"h":162.94,"l":162.77,"v":10962.0,"Time":"2020-12-02T20:00:00Z","Interval":"5min","Figi":"BBG000BVV7G1"}
{"o":162.89,"c":162.9,"h":162.94,"l":162.77,"v":11372.0,"Time":"2020-12-02T20:00:00Z","Interval":"5min","Figi":"BBG000BVV7G1"}
{"o":162.89,"c":162.9,"h":162.94,"l":162.77,"v":11514.0,"Time":"2020-12-02T20:00:00Z","Interval":"5min","Figi":"BBG000BVV7G1"}
{"o":162.89,"c":162.91,"h":162.94,"l":162.77,"v":11556.0,"Time":"2020-12-02T20:00:00Z","Interval":"5min","Figi":"BBG000BVV7G1"}
{"o":162.89,"c":162.91,"h":162.94,"l":162.77,"v":13224.0,"Time":"2020-12-02T20:00:00Z","Interval":"5min","Figi":"BBG000BVV7G1"}
{"o":162.89,"c":162.91,"h":162.94,"l":162.77,"v":13569.0,"Time":"2020-12-02T20:00:00Z","Interval":"5min","Figi":"BBG000BVV7G1"}
{"o":162.89,"c":162.9,"h":162.94,"l":162.77,"v":16869.0,"Time":"2020-12-02T20:00:00Z","Interval":"5min","Figi":"BBG000BVV7G1"}
{"o":162.89,"c":162.9,"h":162.94,"l":162.77,"v":17269.0,"Time":"2020-12-02T20:00:00Z","Interval":"5min","Figi":"BBG000BVV7G1"}
{"o":162.89,"c":162.92,"h":162.94,"l":162.77,"v":17270.0,"Time":"2020-12-02T20:00:00Z","Interval":"5min","Figi":"BBG000BVV7G1"}
{"o":162.89,"c":162.93,"h":162.94,"l":162.77,"v":17380.0,"Time":"2020-12-02T20:00:00Z","Interval":"5min","Figi":"BBG000BVV7G1"}
{"o":162.89,"c":162.94,"h":162.94,"l":162.77,"v":17400.0,"Time":"2020-12-02T20:00:00Z","Interval":"5min","Figi":"BBG000BVV7G1"}
{"o":162.89,"c":162.95,"h":162.95,"l":162.77,"v":17410.0,"Time":"2020-12-02T20:00:00Z","Interval":"5min","Figi":"BBG000BVV7G1"}
{"o":162.89,"c":162.96,"h":162.96,"l":162.77,"v":17730.0,"Time":"2020-12-02T20:00:00Z","Interval":"5min","Figi":"BBG000BVV7G1"}
{"o":162.89,"c":162.97,"h":162.97,"l":162.77,"v":17732.0,"Time":"2020-12-02T20:00:00Z","Interval":"5min","Figi":"BBG000BVV7G1"}
{"o":162.89,"c":162.95,"h":162.97,"l":162.77,"v":17832.0,"Time":"2020-12-02T20:00:00Z","Interval":"5min","Figi":"BBG000BVV7G1"}
{"o":162.89,"c":162.93,"h":162.97,"l":162.77,"v":17932.0,"Time":"2020-12-02T20:00:00Z","Interval":"5min","Figi":"BBG000BVV7G1"}
{"o":162.89,"c":162.93,"h":162.97,"l":162.77,"v":18220.0,"Time":"2020-12-02T20:00:00Z","Interval":"5min","Figi":"BBG000BVV7G1"}
{"o":162.97,"c":162.97,"h":162.97,"l":162.97,"v":35.0,"Time":"2020-12-02T20:05:00Z","Interval":"5min","Figi":"BBG000BVV7G1"}
{"o":162.97,"c":163.01,"h":163.01,"l":162.97,"v":186.0,"Time":"2020-12-02T20:05:00Z","Interval":"5min","Figi":"BBG000BVV7G1"}
{"o":162.97,"c":163.05,"h":163.05,"l":162.97,"v":226.0,"Time":"2020-12-02T20:05:00Z","Interval":"5min","Figi":"BBG000BVV7G1"}
{"o":162.97,"c":163.07,"h":163.07,"l":162.97,"v":246.0,"Time":"2020-12-02T20:05:00Z","Interval":"5min","Figi":"BBG000BVV7G1"}
{"o":162.97,"c":163.08,"h":163.08,"l":162.97,"v":321.0,"Time":"2020-12-02T20:05:00Z","Interval":"5min","Figi":"BBG000BVV7G1"}
{"o":162.97,"c":163.08,"h":163.08,"l":162.97,"v":521.0,"Time":"2020-12-02T20:05:00Z","Interval":"5min","Figi":"BBG000BVV7G1"}
{"o":162.97,"c":163.1,"h":163.1,"l":162.97,"v":811.0,"Time":"2020-12-02T20:05:00Z","Interval":"5min","Figi":"BBG000BVV7G1"}
{"o":162.97,"c":163.12,"h":163.12,"l":162.97,"v":980.0,"Time":"2020-12-02T20:05:00Z","Interval":"5min","Figi":"BBG000BVV7G1"}
{"o":162.97,"c":163.08,"h":163.12,"l":162.97,"v":1080.0,"Time":"2020-12-02T20:05:00Z","Interval":"5min","Figi":"BBG000BVV7G1"}
{"o":162.97,"c":163.08,"h":163.12,"l":162.97,"v":1180.0,"Time":"2020-12-02T20:05:00Z","Interval":"5min","Figi":"BBG000BVV7G1"}
{"o":162.97,"c":163.06,"h":163.12,"l":162.97,"v":1265.0,"Time":"2020-12-02T20:05:00Z","Interval":"5min","Figi":"BBG000BVV7G1"}
{"o":162.97,"c":163.06,"h":163.12,"l":162.97,"v":1365.0,"Time":"2020-12-02T20:05:00Z","Interval":"5min","Figi":"BBG000BVV7G1"}
{"o":162.97,"c":163.06,"h":163.12,"l":162.97,"v":1497.0,"Time":"2020-12-02T20:05:00Z","Interval":"5min","Figi":"BBG000BVV7G1"}
{"o":162.97,"c":163.08,"h":163.12,"l":162.97,"v":1597.0,"Time":"2020-12-02T20:05:00Z","Interval":"5min","Figi":"BBG000BVV7G1"}
{"o":162.97,"c":163.07,"h":163.12,"l":162.97,"v":1697.0,"Time":"2020-12-02T20:05:00Z","Interval":"5min","Figi":"BBG000BVV7G1"}
{"o":162.97,"c":163.06,"h":163.12,"l":162.97,"v":1847.0,"Time":"2020-12-02T20:05:00Z","Interval":"5min","Figi":"BBG000BVV7G1"}
{"o":162.97,"c":163.02,"h":163.12,"l":162.97,"v":1947.0,"Time":"2020-12-02T20:05:00Z","Interval":"5min","Figi":"BBG000BVV7G1"}
{"o":162.97,"c":163.02,"h":163.12,"l":162.97,"v":2047.0,"Time":"2020-12-02T20:05:00Z","Interval":"5min","Figi":"BBG000BVV7G1"}
{"o":162.97,"c":163.0,"h":163.12,"l":162.97,"v":2051.0,"Time":"2020-12-02T20:05:00Z","Interval":"5min","Figi":"BBG000BVV7G1"}
{"o":162.97,"c":163.0,"h":163.12,"l":162.97,"v":2151.0,"Time":"2020-12-02T20:05:00Z","Interval":"5min","Figi":"BBG000BVV7G1"}
{"o":162.97,"c":163.0,"h":163.12,"l":162.97,"v":2152.0,"Time":"2020-12-02T20:05:00Z","Interval":"5min","Figi":"BBG000BVV7G1"}
{"o":162.97,"c":163.0,"h":163.12,"l":162.97,"v":2351.0,"Time":"2020-12-02T20:05:00Z","Interval":"5min","Figi":"BBG000BVV7G1"}
{"o":162.97,"c":163.0,"h":163.12,"l":162.97,"v":2451.0,"Time":"2020-12-02T20:05:00Z","Interval":"5min","Figi":"BBG000BVV7G1"}
{"o":162.97,"c":163.0,"h":163.12,"l":162.97,"v":2551.0,"Time":"2020-12-02T20:05:00Z","Interval":"5min","Figi":"BBG000BVV7G1"}
{"o":162.97,"c":163.0,"h":163.12,"l":162.97,"v":2592.0,"Time":"2020-12-02T20:05:00Z","Interval":"5min","Figi":"BBG000BVV7G1"}
{"o":162.97,"c":163.0,"h":163.12,"l":162.97,"v":2635.0,"Time":"2020-12-02T20:05:00Z","Interval":"5min","Figi":"BBG000BVV7G1"}
{"o":162.97,"c":163.0,"h":163.12,"l":162.97,"v":2651.0,"Time":"2020-12-02T20:05:00Z","Interval":"5min","Figi":"BBG000BVV7G1"}
{"o":162.97,"c":162.99,"h":163.12,"l":162.97,"v":2751.0,"Time":"2020-12-02T20:05:00Z","Interval":"5min","Figi":"BBG000BVV7G1"}
{"o":162.97,"c":162.99,"h":163.12,"l":162.97,"v":3151.0,"Time":"2020-12-02T20:05:00Z","Interval":"5min","Figi":"BBG000BVV7G1"}
{"o":162.97,"c":162.97,"h":163.12,"l":162.97,"v":3251.0,"Time":"2020-12-02T20:05:00Z","Interval":"5min","Figi":"BBG000BVV7G1"}
{"o":162.97,"c":163.0,"h":163.12,"l":162.97,"v":3351.0,"Time":"2020-12-02T20:05:00Z","Interval":"5min","Figi":"BBG000BVV7G1"}
{"o":162.97,"c":163.0,"h":163.12,"l":162.97,"v":3451.0,"Time":"2020-12-02T20:05:00Z","Interval":"5min","Figi":"BBG000BVV7G1"}
{"o":162.97,"c":162.98,"h":163.12,"l":162.97,"v":3751.0,"Time":"2020-12-02T20:05:00Z","Interval":"5min","Figi":"BBG000BVV7G1"}
{"o":162.97,"c":162.98,"h":163.12,"l":162.96,"v":3952.0,"Time":"2020-12-02T20:05:00Z","Interval":"5min","Figi":"BBG000BVV7G1"}
{"o":162.97,"c":162.98,"h":163.12,"l":162.96,"v":4170.0,"Time":"2020-12-02T20:05:00Z","Interval":"5min","Figi":"BBG000BVV7G1"}
{"o":162.97,"c":162.98,"h":163.12,"l":162.96,"v":4252.0,"Time":"2020-12-02T20:05:00Z","Interval":"5min","Figi":"BBG000BVV7G1"}
{"o":162.97,"c":162.98,"h":163.12,"l":162.96,"v":4370.0,"Time":"2020-12-02T20:05:00Z","Interval":"5min","Figi":"BBG000BVV7G1"}
{"o":162.97,"c":162.98,"h":163.12,"l":162.96,"v":4552.0,"Time":"2020-12-02T20:05:00Z","Interval":"5min","Figi":"BBG000BVV7G1"}
{"o":162.97,"c":162.98,"h":163.12,"l":162.96,"v":4852.0,"Time":"2020-12-02T20:05:00Z","Interval":"5min","Figi":"BBG000BVV7G1"}
{"o":162.97,"c":162.95,"h":163.12,"l":162.95,"v":4858.0,"Time":"2020-12-02T20:05:00Z","Interval":"5min","Figi":"BBG000BVV7G1"}
{"o":162.97,"c":162.96,"h":163.12,"l":162.95,"v":4938.0,"Time":"2020-12-02T20:05:00Z","Interval":"5min","Figi":"BBG000BVV7G1"}
{"o":162.97,"c":162.95,"h":163.12,"l":162.95,"v":4968.0,"Time":"2020-12-02T20:05:00Z","Interval":"5min","Figi":"BBG000BVV7G1"}
{"o":162.97,"c":162.93,"h":163.12,"l":162.93,"v":5044.0,"Time":"2020-12-02T20:05:00Z","Interval":"5min","Figi":"BBG000BVV7G1"}
{"o":162.97,"c":162.92,"h":163.12,"l":162.92,"v":5049.0,"Time":"2020-12-02T20:05:00Z","Interval":"5min","Figi":"BBG000BVV7G1"}
{"o":162.97,"c":162.93,"h":163.12,"l":162.92,"v":5149.0,"Time":"2020-12-02T20:05:00Z","Interval":"5min","Figi":"BBG000BVV7G1"}
{"o":162.97,"c":162.92,"h":163.12,"l":162.92,"v":5156.0,"Time":"2020-12-02T20:05:00Z","Interval":"5min","Figi":"BBG000BVV7G1"}
{"o":162.97,"c":162.92,"h":163.12,"l":162.92,"v":5186.0,"Time":"2020-12-02T20:05:00Z","Interval":"5min","Figi":"BBG000BVV7G1"}
{"o":162.97,"c":162.91,"h":163.12,"l":162.91,"v":5256.0,"Time":"2020-12-02T20:05:00Z","Interval":"5min","Figi":"BBG000BVV7G1"}
{"o":162.97,"c":162.91,"h":163.12,"l":162.91,"v":5286.0,"Time":"2020-12-02T20:05:00Z","Interval":"5min","Figi":"BBG000BVV7G1"}
{"o":162.97,"c":162.9,"h":163.12,"l":162.9,"v":5586.0,"Time":"2020-12-02T20:05:00Z","Interval":"5min","Figi":"BBG000BVV7G1"}
{"o":162.97,"c":162.91,"h":163.12,"l":162.9,"v":5843.0,"Time":"2020-12-02T20:05:00Z","Interval":"5min","Figi":"BBG000BVV7G1"}
{"o":162.97,"c":162.9,"h":163.12,"l":162.9,"v":8535.0,"Time":"2020-12-02T20:05:00Z","Interval":"5min","Figi":"BBG000BVV7G1"}
{"o":162.97,"c":162.9,"h":163.12,"l":162.9,"v":8585.0,"Time":"2020-12-02T20:05:00Z","Interval":"5min","Figi":"BBG000BVV7G1"}
{"o":162.97,"c":162.9,"h":163.12,"l":162.9,"v":8765.0,"Time":"2020-12-02T20:05:00Z","Interval":"5min","Figi":"BBG000BVV7G1"}
{"o":162.97,"c":162.9,"h":163.12,"l":162.9,"v":8837.0,"Time":"2020-12-02T20:05:00Z","Interval":"5min","Figi":"BBG000BVV7G1"}
{"o":162.97,"c":162.9,"h":163.12,"l":162.9,"v":8937.0,"Time":"2020-12-02T20:05:00Z","Interval":"5min","Figi":"BBG000BVV7G1"}
{"o":162.97,"c":162.9,"h":163.12,"l":162.9,"v":9037.0,"Time":"2020-12-02T20:05:00Z","Interval":"5min","Figi":"BBG000BVV7G1"}
{"o":162.97,"c":162.88,"h":163.12,"l":162.88,"v":9137.0,"Time":"2020-12-02T20:05:00Z","Interval":"5min","Figi":"BBG000BVV7G1"}
{"o":162.97,"c":162.92,"h":163.12,"l":162.88,"v":9683.0,"Time":"2020-12-02T20:05:00Z","Interval":"5min","Figi":"BBG000BVV7G1"}
{"o":162.97,"c":162.92,"h":163.12,"l":162.88,"v":9969.0,"Time":"2020-12-02T20:05:00Z","Interval":"5min","Figi":"BBG000BVV7G1"}
{"o":162.97,"c":162.92,"h":163.12,"l":162.88,"v":10179.0,"Time":"2020-12-02T20:05:00Z","Interval":"5min","Figi":"BBG000BVV7G1"}
{"o":162.97,"c":162.92,"h":163.12,"l":162.88,"v":10379.0,"Time":"2020-12-02T20:05:00Z","Interval":"5min","Figi":"BBG000BVV7G1"}
{"o":162.97,"c":162.95,"h":163.12,"l":162.88,"v":10401.0,"Time":"2020-12-02T20:05:00Z","Interval":"5min","Figi":"BBG000BVV7G1"}
{"o":162.97,"c":162.95,"h":163.12,"l":162.88,"v":10549.0,"Time":"2020-12-02T20:05:00Z","Interval":"5min","Figi":"BBG000BVV7G1"}
{"o":162.97,"c":162.96,"h":163.12,"l":162.88,"v":10584.0,"Time":"2020-12-02T20:05:00Z","Interval":"5min","Figi":"BBG000BVV7G1"}
{"o":162.97,"c":162.95,"h":163.12,"l":162.88,"v":10684.0,"Time":"2020-12-02T20:05:00Z","Interval":"5min","Figi":"BBG000BVV7G1"}
{"o":162.97,"c":162.95,"h":163.12,"l":162.88,"v":10784.0,"Time":"2020-12-02T20:05:00Z","Interval":"5min","Figi":"BBG000BVV7G1"}
{"o":162.97,"c":162.95,"h":163.12,"l":162.88,"v":10805.0,"Time":"2020-12-02T20:05:00Z","Interval":"5min","Figi":"BBG000BVV7G1"}
{"o":162.97,"c":162.95,"h":163.12,"l":162.88,"v":10884.0,"Time":"2020-12-02T20:05:00Z","Interval":"5min","Figi":"BBG000BVV7G1"}
{"o":162.97,"c":162.95,"h":163.12,"l":162.88,"v":10984.0,"Time":"2020-12-02T20:05:00Z","Interval":"5min","Figi":"BBG000BVV7G1"}
{"o":162.97,"c":162.97,"h":163.12,"l":162.88,"v":10987.0,"Time":"2020-12-02T20:05:00Z","Interval":"5min","Figi":"BBG000BVV7G1"}
{"o":162.97,"c":162.97,"h":163.12,"l":162.88,"v":10988.0,"Time":"2020-12-02T20:05:00Z","Interval":"5min","Figi":"BBG000BVV7G1"}
{"o":162.97,"c":162.99,"h":163.12,"l":162.88,"v":11288.0,"Time":"2020-12-02T20:05:00Z","Interval":"5min","Figi":"BBG000BVV7G1"}
{"o":162.97,"c":162.96,"h":163.12,"l":162.88,"v":11388.0,"Time":"2020-12-02T20:05:00Z","Interval":"5min","Figi":"BBG000BVV7G1"}
{"o":162.97,"c":162.97,"h":162.97,"l":162.97,"v":100.0,"Time":"2020-12-02T20:10:00Z","Interval":"5min","Figi":"BBG000BVV7G1"}
{"o":162.97,"c":162.95,"h":162.97,"l":162.95,"v":249.0,"Time":"2020-12-02T20:10:00Z","Interval":"5min","Figi":"BBG000BVV7G1"}
{"o":162.97,"c":162.98,"h":162.98,"l":162.95,"v":349.0,"Time":"2020-12-02T20:10:00Z","Interval":"5min","Figi":"BBG000BVV7G1"}
{"o":162.97,"c":162.98,"h":162.98,"l":162.95,"v":449.0,"Time":"2020-12-02T20:10:00Z","Interval":"5min","Figi":"BBG000BVV7G1"}
{"o":162.97,"c":162.99,"h":162.99,"l":162.95,"v":3069.0,"Time":"2020-12-02T20:10:00Z","Interval":"5min","Figi":"BBG000BVV7G1"}
{"o":162.97,"c":162.98,"h":162.99,"l":162.95,"v":3269.0,"Time":"2020-12-02T20:10:00Z","Interval":"5min","Figi":"BBG000BVV7G1"}
{"o":162.97,"c":162.96,"h":162.99,"l":162.95,"v":3369.0,"Time":"2020-12-02T20:10:00Z","Interval":"5min","Figi":"BBG000BVV7G1"}
{"o":162.97,"c":162.94,"h":162.99,"l":162.94,"v":3674.0,"Time":"2020-12-02T20:10:00Z","Interval":"5min","Figi":"BBG000BVV7G1"}
{"o":162.97,"c":162.94,"h":162.99,"l":162.94,"v":3779.0,"Time":"2020-12-02T20:10:00Z","Interval":"5min","Figi":"BBG000BVV7G1"}
{"o":162.97,"c":162.92,"h":162.99,"l":162.92,"v":3879.0,"Time":"2020-12-02T20:10:00Z","Interval":"5min","Figi":"BBG000BVV7G1"}
{"o":162.97,"c":162.92,"h":162.99,"l":162.92,"v":4079.0,"Time":"2020-12-02T20:10:00Z","Interval":"5min","Figi":"BBG000BVV7G1"}
{"o":162.97,"c":162.91,"h":162.99,"l":162.91,"v":4107.0,"Time":"2020-12-02T20:10:00Z","Interval":"5min","Figi":"BBG000BVV7G1"}
{"o":162.97,"c":162.94,"h":162.99,"l":162.91,"v":4207.0,"Time":"2020-12-02T20:10:00Z","Interval":"5min","Figi":"BBG000BVV7G1"}
{"o":162.97,"c":162.94,"h":162.99,"l":162.91,"v":4307.0,"Time":"2020-12-02T20:10:00Z","Interval":"5min","Figi":"BBG000BVV7G1"}
{"o":162.97,"c":162.88,"h":162.99,"l":162.88,"v":4609.0,"Time":"2020-12-02T20:10:00Z","Interval":"5min","Figi":"BBG000BVV7G1"}
{"o":162.97,"c":162.87,"h":162.99,"l":162.87,"v":4611.0,"Time":"2020-12-02T20:10:00Z","Interval":"5min","Figi":"BBG000BVV7G1"}
{"o":162.97,"c":162.87,"h":162.99,"l":162.87,"v":4612.0,"Time":"2020-12-02T20:10:00Z","Interval":"5min","Figi":"BBG000BVV7G1"}
{"o":162.97,"c":162.86,"h":162.99,"l":162.86,"v":4687.0,"Time":"2020-12-02T20:10:00Z","Interval":"5min","Figi":"BBG000BVV7G1"}
{"o":162.97,"c":162.86,"h":162.99,"l":162.86,"v":4772.0,"Time":"2020-12-02T20:10:00Z","Interval":"5min","Figi":"BBG000BVV7G1"}
{"o":162.97,"c":162.88,"h":162.99,"l":162.86,"v":4947.0,"Time":"2020-12-02T20:10:00Z","Interval":"5min","Figi":"BBG000BVV7G1"}
{"o":162.97,"c":162.88,"h":162.99,"l":162.86,"v":4972.0,"Time":"2020-12-02T20:10:00Z","Interval":"5min","Figi":"BBG000BVV7G1"}
{"o":162.97,"c":162.88,"h":162.99,"l":162.86,"v":4973.0,"Time":"2020-12-02T20:10:00Z","Interval":"5min","Figi":"BBG000BVV7G1"}
{"o":162.97,"c":162.89,"h":162.99,"l":162.86,"v":5073.0,"Time":"2020-12-02T20:10:00Z","Interval":"5min","Figi":"BBG000BVV7G1"}
{"o":162.97,"c":162.9,"h":162.99,"l":162.86,"v":5148.0,"Time":"2020-12-02T20:10:00Z","Interval":"5min","Figi":"BBG000BVV7G1"}
{"o":162.97,"c":162.9,"h":162.99,"l":162.86,"v":5184.0,"Time":"2020-12-02T20:10:00Z","Interval":"5min","Figi":"BBG000BVV7G1"}
{"o":162.97,"c":162.9,"h":162.99,"l":162.86,"v":5474.0,"Time":"2020-12-02T20:10:00Z","Interval":"5min","Figi":"BBG000BVV7G1"}
{"o":162.97,"c":162.9,"h":162.99,"l":162.86,"v":5806.0,"Time":"2020-12-02T20:10:00Z","Interval":"5min","Figi":"BBG000BVV7G1"}
{"o":162.97,"c":162.9,"h":162.99,"l":162.86,"v":5813.0,"Time":"2020-12-02T20:10:00Z","Interval":"5min","Figi":"BBG000BVV7G1"}
{"o":162.97,"c":162.87,"h":162.99,"l":162.86,"v":5820.0,"Time":"2020-12-02T20:10:00Z","Interval":"5min","Figi":"BBG000BVV7G1"}
{"o":162.97,"c":162.9,"h":162.99,"l":162.86,"v":5821.0,"Time":"2020-12-02T20:10:00Z","Interval":"5min","Figi":"BBG000BVV7G1"}
{"o":162.97,"c":162.9,"h":162.99,"l":162.86,"v":5833.0,"Time":"2020-12-02T20:10:00Z","Interval":"5min","Figi":"BBG000BVV7G1"}
{"o":162.97,"c":162.9,"h":162.99,"l":162.86,"v":5921.0,"Time":"2020-12-02T20:10:00Z","Interval":"5min","Figi":"BBG000BVV7G1"}
{"o":162.97,"c":162.92,"h":162.99,"l":162.86,"v":6021.0,"Time":"2020-12-02T20:10:00Z","Interval":"5min","Figi":"BBG000BVV7G1"}
{"o":162.97,"c":162.92,"h":162.99,"l":162.86,"v":6121.0,"Time":"2020-12-02T20:10:00Z","Interval":"5min","Figi":"BBG000BVV7G1"}
{"o":162.97,"c":162.94,"h":162.99,"l":162.86,"v":6223.0,"Time":"2020-12-02T20:10:00Z","Interval":"5min","Figi":"BBG000BVV7G1"}
{"o":162.97,"c":162.94,"h":162.99,"l":162.86,"v":6285.0,"Time":"2020-12-02T20:10:00Z","Interval":"5min","Figi":"BBG000BVV7G1"}
{"o":162.97,"c":162.94,"h":162.99,"l":162.86,"v":6461.0,"Time":"2020-12-02T20:10:00Z","Interval":"5min","Figi":"BBG000BVV7G1"}
{"o":162.97,"c":162.94,"h":162.99,"l":162.86,"v":6469.0,"Time":"2020-12-02T20:10:00Z","Interval":"5min","Figi":"BBG000BVV7G1"}
{"o":162.97,"c":162.94,"h":162.99,"l":162.86,"v":6485.0,"Time":"2020-12-02T20:10:00Z","Interval":"5min","Figi":"BBG000BVV7G1"}
{"o":162.97,"c":162.95,"h":162.99,"l":162.86,"v":6491.0,"Time":"2020-12-02T20:10:00Z","Interval":"5min","Figi":"BBG000BVV7G1"}
{"o":162.97,"c":162.95,"h":162.99,"l":162.86,"v":6492.0,"Time":"2020-12-02T20:10:00Z","Interval":"5min","Figi":"BBG000BVV7G1"}
{"o":162.97,"c":162.95,"h":162.99,"l":162.86,"v":6494.0,"Time":"2020-12-02T20:10:00Z","Interval":"5min","Figi":"BBG000BVV7G1"}
{"o":162.97,"c":162.9,"h":162.99,"l":162.86,"v":6605.0,"Time":"2020-12-02T20:10:00Z","Interval":"5min","Figi":"BBG000BVV7G1"}
{"o":162.97,"c":162.9,"h":162.99,"l":162.86,"v":6645.0,"Time":"2020-12-02T20:10:00Z","Interval":"5min","Figi":"BBG000BVV7G1"}
{"o":162.97,"c":162.93,"h":162.99,"l":162.86,"v":6646.0,"Time":"2020-12-02T20:10:00Z","Interval":"5min","Figi":"BBG000BVV7G1"}
{"o":162.97,"c":162.92,"h":162.99,"l":162.86,"v":6653.0,"Time":"2020-12-02T20:10:00Z","Interval":"5min","Figi":"BBG000BVV7G1"}
{"o":162.97,"c":162.91,"h":162.99,"l":162.86,"v":6845.0,"Time":"2020-12-02T20:10:00Z","Interval":"5min","Figi":"BBG000BVV7G1"}
{"o":162.97,"c":162.92,"h":162.99,"l":162.86,"v":6950.0,"Time":"2020-12-02T20:10:00Z","Interval":"5min","Figi":"BBG000BVV7G1"}
{"o":162.97,"c":162.85,"h":162.99,"l":162.85,"v":7050.0,"Time":"2020-12-02T20:10:00Z","Interval":"5min","Figi":"BBG000BVV7G1"}
{"o":162.97,"c":162.82,"h":162.99,"l":162.82,"v":7112.0,"Time":"2020-12-02T20:10:00Z","Interval":"5min","Figi":"BBG000BVV7G1"}
{"o":162.97,"c":162.82,"h":162.99,"l":162.82,"v":7131.0,"Time":"2020-12-02T20:10:00Z","Interval":"5min","Figi":"BBG000BVV7G1"}
{"o":162.97,"c":162.82,"h":162.99,"l":162.82,"v":7150.0,"Time":"2020-12-02T20:10:00Z","Interval":"5min","Figi":"BBG000BVV7G1"}
{"o":162.97,"c":162.8,"h":162.99,"l":162.8,"v":7244.0,"Time":"2020-12-02T20:10:00Z","Interval":"5min","Figi":"BBG000BVV7G1"}
{"o":162.97,"c":162.82,"h":162.99,"l":162.8,"v":7284.0,"Time":"2020-12-02T20:10:00Z","Interval":"5min","Figi":"BBG000BVV7G1"}
{"o":162.97,"c":162.84,"h":162.99,"l":162.8,"v":7965.0,"Time":"2020-12-02T20:10:00Z","Interval":"5min","Figi":"BBG000BVV7G1"}
{"o":162.97,"c":162.83,"h":162.99,"l":162.8,"v":7464.0,"Time":"2020-12-02T20:10:00Z","Interval":"5min","Figi":"BBG000BVV7G1"}
{"o":162.97,"c":162.84,"h":162.99,"l":162.8,"v":8175.0,"Time":"2020-12-02T20:10:00Z","Interval":"5min","Figi":"BBG000BVV7G1"}
{"o":162.97,"c":162.84,"h":162.99,"l":162.8,"v":8261.0,"Time":"2020-12-02T20:10:00Z","Interval":"5min","Figi":"BBG000BVV7G1"}
{"o":162.97,"c":162.84,"h":162.99,"l":162.8,"v":8275.0,"Time":"2020-12-02T20:10:00Z","Interval":"5min","Figi":"BBG000BVV7G1"}
{"o":162.97,"c":162.84,"h":162.99,"l":162.8,"v":8375.0,"Time":"2020-12-02T20:10:00Z","Interval":"5min","Figi":"BBG000BVV7G1"}
{"o":162.97,"c":162.84,"h":162.99,"l":162.8,"v":8376.0,"Time":"2020-12-02T20:10:00Z","Interval":"5min","Figi":"BBG000BVV7G1"}
{"o":162.97,"c":162.84,"h":162.99,"l":162.8,"v":8473.0,"Time":"2020-12-02T20:10:00Z","Interval":"5min","Figi":"BBG000BVV7G1"}
{"o":162.97,"c":162.84,"h":162.99,"l":162.8,"v":8475.0,"Time":"2020-12-02T20:10:00Z","Interval":"5min","Figi":"BBG000BVV7G1"}
{"o":162.97,"c":162.86,"h":162.99,"l":162.8,"v":8575.0,"Time":"2020-12-02T20:10:00Z","Interval":"5min","Figi":"BBG000BVV7G1"}
{"o":162.97,"c":162.84,"h":162.99,"l":162.8,"v":8675.0,"Time":"2020-12-02T20:10:00Z","Interval":"5min","Figi":"BBG000BVV7G1"}
{"o":162.85,"c":162.85,"h":162.85,"l":162.85,"v":100.0,"Time":"2020-12-02T20:15:00Z","Interval":"5min","Figi":"BBG000BVV7G1"}
{"o":162.85,"c":162.85,"h":162.85,"l":162.85,"v":200.0,"Time":"2020-12-02T20:15:00Z","Interval":"5min","Figi":"BBG000BVV7G1"}
{"o":162.85,"c":162.86,"h":162.86,"l":162.85,"v":201.0,"Time":"2020-12-02T20:15:00Z","Interval":"5min","Figi":"BBG000BVV7G1"}
{"o":162.85,"c":162.86,"h":162.86,"l":162.85,"v":301.0,"Time":"2020-12-02T20:15:00Z","Interval":"5min","Figi":"BBG000BVV7G1"}
{"o":162.85,"c":162.87,"h":162.87,"l":162.85,"v":401.0,"Time":"2020-12-02T20:15:00Z","Interval":"5min","Figi":"BBG000BVV7G1"}
{"o":162.85,"c":162.87,"h":162.87,"l":162.85,"v":403.0,"Time":"2020-12-02T20:15:00Z","Interval":"5min","Figi":"BBG000BVV7G1"}
{"o":162.85,"c":162.86,"h":162.87,"l":162.85,"v":503.0,"Time":"2020-12-02T20:15:00Z","Interval":"5min","Figi":"BBG000BVV7G1"}
{"o":162.85,"c":162.85,"h":162.87,"l":162.85,"v":588.0,"Time":"2020-12-02T20:15:00Z","Interval":"5min","Figi":"BBG000BVV7G1"}
{"o":162.85,"c":162.85,"h":162.87,"l":162.85,"v":703.0,"Time":"2020-12-02T20:15:00Z","Interval":"5min","Figi":"BBG000BVV7G1"}
{"o":162.85,"c":162.83,"h":162.87,"l":162.83,"v":704.0,"Time":"2020-12-02T20:15:00Z","Interval":"5min","Figi":"BBG000BVV7G1"}
{"o":162.85,"c":162.8,"h":162.87,"l":162.8,"v":709.0,"Time":"2020-12-02T20:15:00Z","Interval":"5min","Figi":"BBG000BVV7G1"}
{"o":162.85,"c":162.8,"h":162.87,"l":162.8,"v":794.0,"Time":"2020-12-02T20:15:00Z","Interval":"5min","Figi":"BBG000BVV7G1"}
{"o":162.85,"c":162.8,"h":162.87,"l":162.8,"v":2794.0,"Time":"2020-12-02T20:15:00Z","Interval":"5min","Figi":"BBG000BVV7G1"}
{"o":162.85,"c":162.78,"h":162.87,"l":162.78,"v":3068.0,"Time":"2020-12-02T20:15:00Z","Interval":"5min","Figi":"BBG000BVV7G1"}
{"o":162.85,"c":162.8,"h":162.87,"l":162.78,"v":3968.0,"Time":"2020-12-02T20:15:00Z","Interval":"5min","Figi":"BBG000BVV7G1"}
{"o":162.85,"c":162.78,"h":162.87,"l":162.78,"v":4238.0,"Time":"2020-12-02T20:15:00Z","Interval":"5min","Figi":"BBG000BVV7G1"}
{"o":162.85,"c":162.8,"h":162.87,"l":162.78,"v":4262.0,"Time":"2020-12-02T20:15:00Z","Interval":"5min","Figi":"BBG000BVV7G1"}
{"o":162.85,"c":162.8,"h":162.87,"l":162.78,"v":4334.0,"Time":"2020-12-02T20:15:00Z","Interval":"5min","Figi":"BBG000BVV7G1"}
{"o":162.85,"c":162.8,"h":162.87,"l":162.78,"v":4558.0,"Time":"2020-12-02T20:15:00Z","Interval":"5min","Figi":"BBG000BVV7G1"}
{"o":162.85,"c":162.8,"h":162.87,"l":162.78,"v":4559.0,"Time":"2020-12-02T20:15:00Z","Interval":"5min","Figi":"BBG000BVV7G1"}
{"o":162.85,"c":162.8,"h":162.87,"l":162.78,"v":5059.0,"Time":"2020-12-02T20:15:00Z","Interval":"5min","Figi":"BBG000BVV7G1"}
{"o":162.85,"c":162.78,"h":162.87,"l":162.78,"v":5063.0,"Time":"2020-12-02T20:15:00Z","Interval":"5min","Figi":"BBG000BVV7G1"}
{"o":162.85,"c":162.8,"h":162.87,"l":162.78,"v":5163.0,"Time":"2020-12-02T20:15:00Z","Interval":"5min","Figi":"BBG000BVV7G1"}
{"o":162.85,"c":162.8,"h":162.87,"l":162.78,"v":5442.0,"Time":"2020-12-02T20:15:00Z","Interval":"5min","Figi":"BBG000BVV7G1"}
{"o":162.85,"c":162.8,"h":162.87,"l":162.78,"v":5592.0,"Time":"2020-12-02T20:15:00Z","Interval":"5min","Figi":"BBG000BVV7G1"}
{"o":162.85,"c":162.83,"h":162.87,"l":162.78,"v":5692.0,"Time":"2020-12-02T20:15:00Z","Interval":"5min","Figi":"BBG000BVV7G1"}
{"o":162.85,"c":162.8,"h":162.87,"l":162.78,"v":5792.0,"Time":"2020-12-02T20:15:00Z","Interval":"5min","Figi":"BBG000BVV7G1"}
{"o":162.85,"c":162.79,"h":162.87,"l":162.78,"v":5892.0,"Time":"2020-12-02T20:15:00Z","Interval":"5min","Figi":"BBG000BVV7G1"}
{"o":162.85,"c":162.79,"h":162.87,"l":162.78,"v":5893.0,"Time":"2020-12-02T20:15:00Z","Interval":"5min","Figi":"BBG000BVV7G1"}
{"o":162.85,"c":162.78,"h":162.87,"l":162.78,"v":5993.0,"Time":"2020-12-02T20:15:00Z","Interval":"5min","Figi":"BBG000BVV7G1"}
{"o":162.85,"c":162.77,"h":162.87,"l":162.77,"v":5999.0,"Time":"2020-12-02T20:15:00Z","Interval":"5min","Figi":"BBG000BVV7G1"}
{"o":162.85,"c":162.75,"h":162.87,"l":162.75,"v":6011.0,"Time":"2020-12-02T20:15:00Z","Interval":"5min","Figi":"BBG000BVV7G1"}
{"o":162.85,"c":162.75,"h":162.87,"l":162.75,"v":6019.0,"Time":"2020-12-02T20:15:00Z","Interval":"5min","Figi":"BBG000BVV7G1"}
{"o":162.85,"c":162.74,"h":162.87,"l":162.74,"v":6050.0,"Time":"2020-12-02T20:15:00Z","Interval":"5min","Figi":"BBG000BVV7G1"}
{"o":162.85,"c":162.73,"h":162.87,"l":162.73,"v":6055.0,"Time":"2020-12-02T20:15:00Z","Interval":"5min","Figi":"BBG000BVV7G1"}
{"o":162.85,"c":162.71,"h":162.87,"l":162.71,"v":6155.0,"Time":"2020-12-02T20:15:00Z","Interval":"5min","Figi":"BBG000BVV7G1"}
{"o":162.85,"c":162.71,"h":162.87,"l":162.71,"v":6178.0,"Time":"2020-12-02T20:15:00Z","Interval":"5min","Figi":"BBG000BVV7G1"}
{"o":162.85,"c":162.72,"h":162.87,"l":162.71,"v":6182.0,"Time":"2020-12-02T20:15:00Z","Interval":"5min","Figi":"BBG000BVV7G1"}
{"o":162.85,"c":162.73,"h":162.87,"l":162.71,"v":6282.0,"Time":"2020-12-02T20:15:00Z","Interval":"5min","Figi":"BBG000BVV7G1"}
{"o":162.85,"c":162.72,"h":162.87,"l":162.71,"v":6296.0,"Time":"2020-12-02T20:15:00Z","Interval":"5min","Figi":"BBG000BVV7G1"}
{"o":162.85,"c":162.72,"h":162.87,"l":162.71,"v":6300.0,"Time":"2020-12-02T20:15:00Z","Interval":"5min","Figi":"BBG000BVV7G1"}
{"o":162.85,"c":162.73,"h":162.87,"l":162.71,"v":6310.0,"Time":"2020-12-02T20:15:00Z","Interval":"5min","Figi":"BBG000BVV7G1"}
{"o":162.85,"c":162.73,"h":162.87,"l":162.71,"v":6316.0,"Time":"2020-12-02T20:15:00Z","Interval":"5min","Figi":"BBG000BVV7G1"}
{"o":162.85,"c":162.73,"h":162.87,"l":162.71,"v":6321.0,"Time":"2020-12-02T20:15:00Z","Interval":"5min","Figi":"BBG000BVV7G1"}
{"o":162.85,"c":162.73,"h":162.87,"l":162.71,"v":6410.0,"Time":"2020-12-02T20:15:00Z","Interval":"5min","Figi":"BBG000BVV7G1"}
{"o":162.85,"c":162.73,"h":162.87,"l":162.71,"v":6421.0,"Time":"2020-12-02T20:15:00Z","Interval":"5min","Figi":"BBG000BVV7G1"}
{"o":162.85,"c":162.71,"h":162.87,"l":162.71,"v":6546.0,"Time":"2020-12-02T20:15:00Z","Interval":"5min","Figi":"BBG000BVV7G1"}
{"o":162.85,"c":162.7,"h":162.87,"l":162.7,"v":6572.0,"Time":"2020-12-02T20:15:00Z","Interval":"5min","Figi":"BBG000BVV7G1"}
{"o":162.85,"c":162.69,"h":162.87,"l":162.69,"v":6772.0,"Time":"2020-12-02T20:15:00Z","Interval":"5min","Figi":"BBG000BVV7G1"}
{"o":162.85,"c":162.69,"h":162.87,"l":162.69,"v":6997.0,"Time":"2020-12-02T20:15:00Z","Interval":"5min","Figi":"BBG000BVV7G1"}
{"o":162.85,"c":162.68,"h":162.87,"l":162.68,"v":7097.0,"Time":"2020-12-02T20:15:00Z","Interval":"5min","Figi":"BBG000BVV7G1"}
{"o":162.85,"c":162.68,"h":162.87,"l":162.68,"v":7213.0,"Time":"2020-12-02T20:15:00Z","Interval":"5min","Figi":"BBG000BVV7G1"}
{"o":162.85,"c":162.66,"h":162.87,"l":162.66,"v":7234.0,"Time":"2020-12-02T20:15:00Z","Interval":"5min","Figi":"BBG000BVV7G1"}
{"o":162.85,"c":162.63,"h":162.87,"l":162.63,"v":7237.0,"Time":"2020-12-02T20:15:00Z","Interval":"5min","Figi":"BBG000BVV7G1"}
{"o":162.85,"c":162.62,"h":162.87,"l":162.62,"v":7343.0,"Time":"2020-12-02T20:15:00Z","Interval":"5min","Figi":"BBG000BVV7G1"}
{"o":162.85,"c":162.62,"h":162.87,"l":162.62,"v":7383.0,"Time":"2020-12-02T20:15:00Z","Interval":"5min","Figi":"BBG000BVV7G1"}
{"o":162.85,"c":162.67,"h":162.87,"l":162.62,"v":7393.0,"Time":"2020-12-02T20:15:00Z","Interval":"5min","Figi":"BBG000BVV7G1"}
{"o":162.85,"c":162.67,"h":162.87,"l":162.62,"v":7483.0,"Time":"2020-12-02T20:15:00Z","Interval":"5min","Figi":"BBG000BVV7G1"}
{"o":162.85,"c":162.65,"h":162.87,"l":162.62,"v":7583.0,"Time":"2020-12-02T20:15:00Z","Interval":"5min","Figi":"BBG000BVV7G1"}
{"o":162.85,"c":162.67,"h":162.87,"l":162.62,"v":7668.0,"Time":"2020-12-02T20:15:00Z","Interval":"5min","Figi":"BBG000BVV7G1"}
{"o":162.85,"c":162.67,"h":162.87,"l":162.62,"v":7818.0,"Time":"2020-12-02T20:15:00Z","Interval":"5min","Figi":"BBG000BVV7G1"}
{"o":162.85,"c":162.67,"h":162.87,"l":162.62,"v":7883.0,"Time":"2020-12-02T20:15:00Z","Interval":"5min","Figi":"BBG000BVV7G1"}
{"o":162.85,"c":162.68,"h":162.87,"l":162.62,"v":7885.0,"Time":"2020-12-02T20:15:00Z","Interval":"5min","Figi":"BBG000BVV7G1"}
{"o":162.85,"c":162.65,"h":162.87,"l":162.62,"v":7889.0,"Time":"2020-12-02T20:15:00Z","Interval":"5min","Figi":"BBG000BVV7G1"}
{"o":162.85,"c":162.66,"h":162.87,"l":162.62,"v":8009.0,"Time":"2020-12-02T20:15:00Z","Interval":"5min","Figi":"BBG000BVV7G1"}
{"o":162.85,"c":162.66,"h":162.87,"l":162.62,"v":8109.0,"Time":"2020-12-02T20:15:00Z","Interval":"5min","Figi":"BBG000BVV7G1"}
{"o":162.85,"c":162.69,"h":162.87,"l":162.62,"v":8253.0,"Time":"2020-12-02T20:15:00Z","Interval":"5min","Figi":"BBG000BVV7G1"}
{"o":162.85,"c":162.7,"h":162.87,"l":162.62,"v":8255.0,"Time":"2020-12-02T20:15:00Z","Interval":"5min","Figi":"BBG000BVV7G1"}
{"o":162.85,"c":162.64,"h":162.87,"l":162.62,"v":8256.0,"Time":"2020-12-02T20:15:00Z","Interval":"5min","Figi":"BBG000BVV7G1"}
{"o":162.85,"c":162.65,"h":162.87,"l":162.62,"v":8456.0,"Time":"2020-12-02T20:15:00Z","Interval":"5min","Figi":"BBG000BVV7G1"}
{"o":162.85,"c":162.65,"h":162.87,"l":162.62,"v":8557.0,"Time":"2020-12-02T20:15:00Z","Interval":"5min","Figi":"BBG000BVV7G1"}
{"o":162.85,"c":162.65,"h":162.87,"l":162.62,"v":8620.0,"Time":"2020-12-02T20:15:00Z","Interval":"5min","Figi":"BBG000BVV7G1"}
{"o":162.85,"c":162.65,"h":162.87,"l":162.62,"v":8657.0,"Time":"2020-12-02T20:15:00Z","Interval":"5min","Figi":"BBG000BVV7G1"}
{"o":162.85,"c":162.68,"h":162.87,"l":162.62,"v":8757.0,"Time":"2020-12-02T20:15:00Z","Interval":"5min","Figi":"BBG000BVV7G1"}
{"o":162.85,"c":162.68,"h":162.87,"l":162.62,"v":8867.0,"Time":"2020-12-02T20:15:00Z","Interval":"5min","Figi":"BBG000BVV7G1"}
{"o":162.85,"c":162.71,"h":162.87,"l":162.62,"v":8879.0,"Time":"2020-12-02T20:15:00Z","Interval":"5min","Figi":"BBG000BVV7G1"}
{"o":162.85,"c":162.73,"h":162.87,"l":162.62,"v":8922.0,"Time":"2020-12-02T20:15:00Z","Interval":"5min","Figi":"BBG000BVV7G1"}
{"o":162.85,"c":162.71,"h":162.87,"l":162.62,"v":9380.0,"Time":"2020-12-02T20:15:00Z","Interval":"5min","Figi":"BBG000BVV7G1"}
{"o":162.85,"c":162.71,"h":162.87,"l":162.62,"v":9480.0,"Time":"2020-12-02T20:15:00Z","Interval":"5min","Figi":"BBG000BVV7G1"}
{"o":162.85,"c":162.69,"h":162.87,"l":162.62,"v":9565.0,"Time":"2020-12-02T20:15:00Z","Interval":"5min","Figi":"BBG000BVV7G1"}
{"o":162.85,"c":162.7,"h":162.87,"l":162.62,"v":9655.0,"Time":"2020-12-02T20:15:00Z","Interval":"5min","Figi":"BBG000BVV7G1"}
{"o":162.85,"c":162.7,"h":162.87,"l":162.62,"v":10313.0,"Time":"2020-12-02T20:15:00Z","Interval":"5min","Figi":"BBG000BVV7G1"}
{"o":162.85,"c":162.69,"h":162.87,"l":162.62,"v":10444.0,"Time":"2020-12-02T20:15:00Z","Interval":"5min","Figi":"BBG000BVV7G1"}
{"o":162.85,"c":162.69,"h":162.87,"l":162.62,"v":10854.0,"Time":"2020-12-02T20:15:00Z","Interval":"5min","Figi":"BBG000BVV7G1"}
{"o":162.85,"c":162.68,"h":162.87,"l":162.62,"v":10964.0,"Time":"2020-12-02T20:15:00Z","Interval":"5min","Figi":"BBG000BVV7G1"}
{"o":162.85,"c":162.7,"h":162.87,"l":162.62,"v":11707.0,"Time":"2020-12-02T20:15:00Z","Interval":"5min","Figi":"BBG000BVV7G1"}
{"o":162.85,"c":162.68,"h":162.87,"l":162.62,"v":12187.0,"Time":"2020-12-02T20:15:00Z","Interval":"5min","Figi":"BBG000BVV7G1"}
{"o":162.85,"c":162.68,"h":162.87,"l":162.62,"v":12287.0,"Time":"2020-12-02T20:15:00Z","Interval":"5min","Figi":"BBG000BVV7G1"}
{"o":162.85,"c":162.71,"h":162.87,"l":162.62,"v":12417.0,"Time":"2020-12-02T20:15:00Z","Interval":"5min","Figi":"BBG000BVV7G1"}
{"o":162.85,"c":162.71,"h":162.87,"l":162.62,"v":12487.0,"Time":"2020-12-02T20:15:00Z","Interval":"5min","Figi":"BBG000BVV7G1"}
{"o":162.85,"c":162.75,"h":162.87,"l":162.62,"v":12563.0,"Time":"2020-12-02T20:15:00Z","Interval":"5min","Figi":"BBG000BVV7G1"}
{"o":162.85,"c":162.75,"h":162.87,"l":162.62,"v":12663.0,"Time":"2020-12-02T20:15:00Z","Interval":"5min","Figi":"BBG000BVV7G1"}
{"o":162.85,"c":162.75,"h":162.87,"l":162.62,"v":12696.0,"Time":"2020-12-02T20:15:00Z","Interval":"5min","Figi":"BBG000BVV7G1"}
{"o":162.85,"c":162.75,"h":162.87,"l":162.62,"v":12729.0,"Time":"2020-12-02T20:15:00Z","Interval":"5min","Figi":"BBG000BVV7G1"}
{"o":162.85,"c":162.75,"h":162.87,"l":162.62,"v":12730.0,"Time":"2020-12-02T20:15:00Z","Interval":"5min","Figi":"BBG000BVV7G1"}
{"o":162.75,"c":162.75,"h":162.75,"l":162.75,"v":100.0,"Time":"2020-12-02T20:20:00Z","Interval":"5min","Figi":"BBG000BVV7G1"}
{"o":162.75,"c":162.74,"h":162.75,"l":162.74,"v":200.0,"Time":"2020-12-02T20:20:00Z","Interval":"5min","Figi":"BBG000BVV7G1"}
{"o":162.75,"c":162.73,"h":162.75,"l":162.73,"v":449.0,"Time":"2020-12-02T20:20:00Z","Interval":"5min","Figi":"BBG000BVV7G1"}
{"o":162.75,"c":162.72,"h":162.75,"l":162.72,"v":549.0,"Time":"2020-12-02T20:20:00Z","Interval":"5min","Figi":"BBG000BVV7G1"}
{"o":162.75,"c":162.68,"h":162.75,"l":162.68,"v":550.0,"Time":"2020-12-02T20:20:00Z","Interval":"5min","Figi":"BBG000BVV7G1"}
{"o":162.75,"c":162.68,"h":162.75,"l":162.68,"v":650.0,"Time":"2020-12-02T20:20:00Z","Interval":"5min","Figi":"BBG000BVV7G1"}
{"o":162.75,"c":162.66,"h":162.75,"l":162.66,"v":750.0,"Time":"2020-12-02T20:20:00Z","Interval":"5min","Figi":"BBG000BVV7G1"}
{"o":162.75,"c":162.65,"h":162.75,"l":162.65,"v":950.0,"Time":"2020-12-02T20:20:00Z","Interval":"5min","Figi":"BBG000BVV7G1"}
{"o":162.75,"c":162.65,"h":162.75,"l":162.65,"v":1063.0,"Time":"2020-12-02T20:20:00Z","Interval":"5min","Figi":"BBG000BVV7G1"}
{"o":162.75,"c":162.65,"h":162.75,"l":162.65,"v":1076.0,"Time":"2020-12-02T20:20:00Z","Interval":"5min","Figi":"BBG000BVV7G1"}
{"o":162.75,"c":162.63,"h":162.75,"l":162.63,"v":1081.0,"Time":"2020-12-02T20:20:00Z","Interval":"5min","Figi":"BBG000BVV7G1"}
{"o":162.75,"c":162.62,"h":162.75,"l":162.61,"v":1428.0,"Time":"2020-12-02T20:20:00Z","Interval":"5min","Figi":"BBG000BVV7G1"}
{"o":162.75,"c":162.63,"h":162.75,"l":162.61,"v":1602.0,"Time":"2020-12-02T20:20:00Z","Interval":"5min","Figi":"BBG000BVV7G1"}
{"o":162.75,"c":162.63,"h":162.75,"l":162.61,"v":1828.0,"Time":"2020-12-02T20:20:00Z","Interval":"5min","Figi":"BBG000BVV7G1"}
{"o":162.75,"c":162.61,"h":162.75,"l":162.61,"v":1928.0,"Time":"2020-12-02T20:20:00Z","Interval":"5min","Figi":"BBG000BVV7G1"}
{"o":162.75,"c":162.6,"h":162.75,"l":162.6,"v":1946.0,"Time":"2020-12-02T20:20:00Z","Interval":"5min","Figi":"BBG000BVV7G1"}
{"o":162.75,"c":162.64,"h":162.75,"l":162.6,"v":2031.0,"Time":"2020-12-02T20:20:00Z","Interval":"5min","Figi":"BBG000BVV7G1"}
{"o":162.75,"c":162.57,"h":162.75,"l":162.57,"v":2425.0,"Time":"2020-12-02T20:20:00Z","Interval":"5min","Figi":"BBG000BVV7G1"}
{"o":162.75,"c":162.61,"h":162.75,"l":162.57,"v":2525.0,"Time":"2020-12-02T20:20:00Z","Interval":"5min","Figi":"BBG000BVV7G1"}
{"o":162.75,"c":162.6,"h":162.75,"l":162.57,"v":2637.0,"Time":"2020-12-02T20:20:00Z","Interval":"5min","Figi":"BBG000BVV7G1"}
{"o":162.75,"c":162.58,"h":162.75,"l":162.57,"v":2737.0,"Time":"2020-12-02T20:20:00Z","Interval":"5min","Figi":"BBG000BVV7G1"}
{"o":162.75,"c":162.58,"h":162.75,"l":162.57,"v":2786.0,"Time":"2020-12-02T20:20:00Z","Interval":"5min","Figi":"BBG000BVV7G1"}
{"o":162.75,"c":162.58,"h":162.75,"l":162.57,"v":2837.0,"Time":"2020-12-02T20:20:00Z","Interval":"5min","Figi":"BBG000BVV7G1"}
{"o":162.75,"c":162.58,"h":162.75,"l":162.57,"v":2958.0,"Time":"2020-12-02T20:20:00Z","Interval":"5min","Figi":"BBG000BVV7G1"}
{"o":162.75,"c":162.58,"h":162.75,"l":162.57,"v":2961.0,"Time":"2020-12-02T20:20:00Z","Interval":"5min","Figi":"BBG000BVV7G1"}
{"o":162.75,"c":162.58,"h":162.75,"l":162.57,"v":3058.0,"Time":"2020-12-02T20:20:00Z","Interval":"5min","Figi":"BBG000BVV7G1"}
{"o":162.75,"c":162.57,"h":162.75,"l":162.57,"v":3154.0,"Time":"2020-12-02T20:20:00Z","Interval":"5min","Figi":"BBG000BVV7G1"}
{"o":162.75,"c":162.58,"h":162.75,"l":162.56,"v":3263.0,"Time":"2020-12-02T20:20:00Z","Interval":"5min","Figi":"BBG000BVV7G1"}
{"o":162.75,"c":162.58,"h":162.75,"l":162.56,"v":3463.0,"Time":"2020-12-02T20:20:00Z","Interval":"5min","Figi":"BBG000BVV7G1"}
{"o":162.75,"c":162.55,"h":162.75,"l":162.55,"v":3658.0,"Time":"2020-12-02T20:20:00Z","Interval":"5min","Figi":"BBG000BVV7G1"}
{"o":162.75,"c":162.58,"h":162.75,"l":162.55,"v":3883.0,"Time":"2020-12-02T20:20:00Z","Interval":"5min","Figi":"BBG000BVV7G1"}
{"o":162.75,"c":162.6,"h":162.75,"l":162.55,"v":4083.0,"Time":"2020-12-02T20:20:00Z","Interval":"5min","Figi":"BBG000BVV7G1"}
{"o":162.75,"c":162.6,"h":162.75,"l":162.55,"v":4084.0,"Time":"2020-12-02T20:20:00Z","Interval":"5min","Figi":"BBG000BVV7G1"}
{"o":162.75,"c":162.61,"h":162.75,"l":162.55,"v":4085.0,"Time":"2020-12-02T20:20:00Z","Interval":"5min","Figi":"BBG000BVV7G1"}
{"o":162.75,"c":162.65,"h":162.75,"l":162.55,"v":4447.0,"Time":"2020-12-02T20:20:00Z","Interval":"5min","Figi":"BBG000BVV7G1"}
{"o":162.75,"c":162.64,"h":162.75,"l":162.55,"v":4497.0,"Time":"2020-12-02T20:20:00Z","Interval":"5min","Figi":"BBG000BVV7G1"}
{"o":162.75,"c":162.64,"h":162.75,"l":162.55,"v":4597.0,"Time":"2020-12-02T20:20:00Z","Interval":"5min","Figi":"BBG000BVV7G1"}
