{"o":101.51,"c":101.51,"h":101.73,"l":101.39,"v":1903.0,"Time":"2020-12-02T15:05:00Z","Interval":"5min","Figi":"BBG000BXRPH1"}
{"o":101.51,"c":101.41,"h":101.73,"l":101.39,"v":1968.0,"Time":"2020-12-02T15:05:00Z","Interval":"5min","Figi":"BBG000BXRPH1"}
{"o":101.51,"c":101.39,"h":101.73,"l":101.39,"v":2268.0,"Time":"2020-12-02T15:05:00Z","Interval":"5min","Figi":"BBG000BXRPH1"}
{"o":101.51,"c":101.48,"h":101.73,"l":101.39,"v":2368.0,"Time":"2020-12-02T15:05:00Z","Interval":"5min","Figi":"BBG000BXRPH1"}
{"o":101.51,"c":101.4,"h":101.73,"l":101.39,"v":2370.0,"Time":"2020-12-02T15:05:00Z","Interval":"5min","Figi":"BBG000BXRPH1"}
{"o":101.51,"c":101.43,"h":101.73,"l":101.39,"v":2371.0,"Time":"2020-12-02T15:05:00Z","Interval":"5min","Figi":"BBG000BXRPH1"}
{"o":101.51,"c":101.32,"h":101.73,"l":101.32,"v":2471.0,"Time":"2020-12-02T15:05:00Z","Interval":"5min","Figi":"BBG000BXRPH1"}
{"o":101.51,"c":101.27,"h":101.73,"l":101.27,"v":2671.0,"Time":"2020-12-02T15:05:00Z","Interval":"5min","Figi":"BBG000BXRPH1"}
{"o":101.51,"c":101.18,"h":101.73,"l":101.18,"v":2734.0,"Time":"2020-12-02T15:05:00Z","Interval":"5min","Figi":"BBG000BXRPH1"}
{"o":101.51,"c":101.14,"h":101.73,"l":101.14,"v":2834.0,"Time":"2020-12-02T15:05:00Z","Interval":"5min","Figi":"BBG000BXRPH1"}
{"o":101.51,"c":101.14,"h":101.73,"l":101.14,"v":2842.0,"Time":"2020-12-02T15:05:00Z","Interval":"5min","Figi":"BBG000BXRPH1"}
{"o":101.51,"c":101.16,"h":101.73,"l":101.14,"v":3342.0,"Time":"2020-12-02T15:05:00Z","Interval":"5min","Figi":"BBG000BXRPH1"}
{"o":101.51,"c":101.19,"h":101.73,"l":101.14,"v":3542.0,"Time":"2020-12-02T15:05:00Z","Interval":"5min","Figi":"BBG000BXRPH1"}
{"o":101.51,"c":101.24,"h":101.73,"l":101.14,"v":3664.0,"Time":"2020-12-02T15:05:00Z","Interval":"5min","Figi":"BBG000BXRPH1"}
{"o":101.51,"c":101.27,"h":101.73,"l":101.14,"v":3959.0,"Time":"2020-12-02T15:05:00Z","Interval":"5min","Figi":"BBG000BXRPH1"}
{"o":101.51,"c":101.27,"h":101.73,"l":101.14,"v":3964.0,"Time":"2020-12-02T15:05:00Z","Interval":"5min","Figi":"BBG000BXRPH1"}
{"o":101.51,"c":101.33,"h":101.73,"l":101.14,"v":3974.0,"Time":"2020-12-02T15:05:00Z","Interval":"5min","Figi":"BBG000BXRPH1"}
{"o":101.51,"c":101.32,"h":101.73,"l":101.14,"v":3984.0,"Time":"2020-12-02T15:05:00Z","Interval":"5min","Figi":"BBG000BXRPH1"}
{"o":101.51,"c":101.21,"h":101.73,"l":101.14,"v":4100.0,"Time":"2020-12-02T15:05:00Z","Interval":"5min","Figi":"BBG000BXRPH1"}
{"o":101.51,"c":101.19,"h":101.73,"l":101.14,"v":4200.0,"Time":"2020-12-02T15:05:00Z","Interval":"5min","Figi":"BBG000BXRPH1"}
{"o":101.51,"c":101.05,"h":101.73,"l":101.05,"v":4202.0,"Time":"2020-12-02T15:05:00Z","Interval":"5min","Figi":"BBG000BXRPH1"}
{"o":101.06,"c":101.06,"h":101.06,"l":101.06,"v":2.0,"Time":"2020-12-02T15:10:00Z","Interval":"5min","Figi":"BBG000BXRPH1"}
{"o":101.06,"c":101.2,"h":101.2,"l":101.06,"v":102.0,"Time":"2020-12-02T15:10:00Z","Interval":"5min","Figi":"BBG000BXRPH1"}
{"o":101.06,"c":101.25,"h":101.25,"l":101.06,"v":402.0,"Time":"2020-12-02T15:10:00Z","Interval":"5min","Figi":"BBG000BXRPH1"}
{"o":101.06,"c":101.24,"h":101.25,"l":101.06,"v":602.0,"Time":"2020-12-02T15:10:00Z","Interval":"5min","Figi":"BBG000BXRPH1"}
{"o":101.06,"c":101.21,"h":101.25,"l":101.06,"v":650.0,"Time":"2020-12-02T15:10:00Z","Interval":"5min","Figi":"BBG000BXRPH1"}
{"o":101.06,"c":101.2,"h":101.25,"l":101.06,"v":698.0,"Time":"2020-12-02T15:10:00Z","Interval":"5min","Figi":"BBG000BXRPH1"}
{"o":101.06,"c":101.2,"h":101.25,"l":101.06,"v":746.0,"Time":"2020-12-02T15:10:00Z","Interval":"5min","Figi":"BBG000BXRPH1"}
{"o":101.06,"c":101.16,"h":101.25,"l":101.06,"v":896.0,"Time":"2020-12-02T15:10:00Z","Interval":"5min","Figi":"BBG000BXRPH1"}
{"o":101.06,"c":101.22,"h":101.25,"l":101.06,"v":898.0,"Time":"2020-12-02T15:10:00Z","Interval":"5min","Figi":"BBG000BXRPH1"}
{"o":101.06,"c":101.28,"h":101.28,"l":101.06,"v":998.0,"Time":"2020-12-02T15:10:00Z","Interval":"5min","Figi":"BBG000BXRPH1"}
{"o":101.06,"c":101.3,"h":101.3,"l":101.06,"v":1148.0,"Time":"2020-12-02T15:10:00Z","Interval":"5min","Figi":"BBG000BXRPH1"}
{"o":101.06,"c":101.31,"h":101.31,"l":101.06,"v":1498.0,"Time":"2020-12-02T15:10:00Z","Interval":"5min","Figi":"BBG000BXRPH1"}
{"o":101.06,"c":101.22,"h":101.31,"l":101.06,"v":1690.0,"Time":"2020-12-02T15:10:00Z","Interval":"5min","Figi":"BBG000BXRPH1"}
{"o":101.06,"c":101.22,"h":101.31,"l":101.06,"v":1695.0,"Time":"2020-12-02T15:10:00Z","Interval":"5min","Figi":"BBG000BXRPH1"}
{"o":101.06,"c":101.12,"h":101.31,"l":101.06,"v":1807.0,"Time":"2020-12-02T15:10:00Z","Interval":"5min","Figi":"BBG000BXRPH1"}
{"o":101.06,"c":100.99,"h":101.31,"l":100.99,"v":1852.0,"Time":"2020-12-02T15:10:00Z","Interval":"5min","Figi":"BBG000BXRPH1"}
{"o":101.06,"c":100.91,"h":101.31,"l":100.91,"v":1908.0,"Time":"2020-12-02T15:10:00Z","Interval":"5min","Figi":"BBG000BXRPH1"}
{"o":101.06,"c":100.89,"h":101.31,"l":100.89,"v":1910.0,"Time":"2020-12-02T15:10:00Z","Interval":"5min","Figi":"BBG000BXRPH1"}
{"o":101.06,"c":100.96,"h":101.31,"l":100.89,"v":2534.0,"Time":"2020-12-02T15:10:00Z","Interval":"5min","Figi":"BBG000BXRPH1"}
{"o":101.06,"c":100.9,"h":101.31,"l":100.89,"v":2634.0,"Time":"2020-12-02T15:10:00Z","Interval":"5min","Figi":"BBG000BXRPH1"}
{"o":101.06,"c":100.86,"h":101.31,"l":100.86,"v":2641.0,"Time":"2020-12-02T15:10:00Z","Interval":"5min","Figi":"BBG000BXRPH1"}
{"o":101.06,"c":100.95,"h":101.31,"l":100.86,"v":2741.0,"Time":"2020-12-02T15:10:00Z","Interval":"5min","Figi":"BBG000BXRPH1"}
{"o":101.06,"c":100.95,"h":101.31,"l":100.86,"v":3091.0,"Time":"2020-12-02T15:10:00Z","Interval":"5min","Figi":"BBG000BXRPH1"}
{"o":101.06,"c":100.95,"h":101.31,"l":100.86,"v":3141.0,"Time":"2020-12-02T15:10:00Z","Interval":"5min","Figi":"BBG000BXRPH1"}
{"o":101.06,"c":100.85,"h":101.31,"l":100.85,"v":3149.0,"Time":"2020-12-02T15:10:00Z","Interval":"5min","Figi":"BBG000BXRPH1"}
{"o":101.06,"c":100.77,"h":101.31,"l":100.77,"v":3150.0,"Time":"2020-12-02T15:10:00Z","Interval":"5min","Figi":"BBG000BXRPH1"}
{"o":101.06,"c":100.8,"h":101.31,"l":100.77,"v":3250.0,"Time":"2020-12-02T15:10:00Z","Interval":"5min","Figi":"BBG000BXRPH1"}
{"o":101.06,"c":100.88,"h":101.31,"l":100.77,"v":3550.0,"Time":"2020-12-02T15:10:00Z","Interval":"5min","Figi":"BBG000BXRPH1"}
{"o":101.06,"c":100.86,"h":101.31,"l":100.77,"v":3660.0,"Time":"2020-12-02T15:10:00Z","Interval":"5min","Figi":"BBG000BXRPH1"}
{"o":101.06,"c":100.85,"h":101.31,"l":100.77,"v":3760.0,"Time":"2020-12-02T15:10:00Z","Interval":"5min","Figi":"BBG000BXRPH1"}
{"o":101.06,"c":100.88,"h":101.31,"l":100.77,"v":3779.0,"Time":"2020-12-02T15:10:00Z","Interval":"5min","Figi":"BBG000BXRPH1"}
{"o":101.06,"c":100.85,"h":101.31,"l":100.77,"v":3829.0,"Time":"2020-12-02T15:10:00Z","Interval":"5min","Figi":"BBG000BXRPH1"}
{"o":100.88,"c":100.88,"h":100.88,"l":100.88,"v":205.0,"Time":"2020-12-02T15:15:00Z","Interval":"5min","Figi":"BBG000BXRPH1"}
{"o":100.88,"c":100.92,"h":100.92,"l":100.88,"v":305.0,"Time":"2020-12-02T15:15:00Z","Interval":"5min","Figi":"BBG000BXRPH1"}
{"o":100.88,"c":100.92,"h":100.92,"l":100.88,"v":315.0,"Time":"2020-12-02T15:15:00Z","Interval":"5min","Figi":"BBG000BXRPH1"}
{"o":100.88,"c":100.84,"h":100.92,"l":100.84,"v":347.0,"Time":"2020-12-02T15:15:00Z","Interval":"5min","Figi":"BBG000BXRPH1"}
{"o":100.88,"c":100.8,"h":100.92,"l":100.8,"v":472.0,"Time":"2020-12-02T15:15:00Z","Interval":"5min","Figi":"BBG000BXRPH1"}
{"o":100.88,"c":100.8,"h":100.92,"l":100.8,"v":836.0,"Time":"2020-12-02T15:15:00Z","Interval":"5min","Figi":"BBG000BXRPH1"}
{"o":100.88,"c":100.8,"h":100.92,"l":100.8,"v":1016.0,"Time":"2020-12-02T15:15:00Z","Interval":"5min","Figi":"BBG000BXRPH1"}
{"o":100.88,"c":100.81,"h":100.92,"l":100.8,"v":1218.0,"Time":"2020-12-02T15:15:00Z","Interval":"5min","Figi":"BBG000BXRPH1"}
{"o":100.88,"c":100.84,"h":100.92,"l":100.8,"v":1318.0,"Time":"2020-12-02T15:15:00Z","Interval":"5min","Figi":"BBG000BXRPH1"}
{"o":100.88,"c":100.8,"h":100.92,"l":100.8,"v":1418.0,"Time":"2020-12-02T15:15:00Z","Interval":"5min","Figi":"BBG000BXRPH1"}
{"o":100.88,"c":100.87,"h":100.92,"l":100.8,"v":1419.0,"Time":"2020-12-02T15:15:00Z","Interval":"5min","Figi":"BBG000BXRPH1"}
{"o":100.88,"c":101.06,"h":101.06,"l":100.8,"v":1519.0,"Time":"2020-12-02T15:15:00Z","Interval":"5min","Figi":"BBG000BXRPH1"}
{"o":100.88,"c":100.99,"h":101.06,"l":100.8,"v":1547.0,"Time":"2020-12-02T15:15:00Z","Interval":"5min","Figi":"BBG000BXRPH1"}
{"o":100.88,"c":100.98,"h":101.06,"l":100.8,"v":1740.0,"Time":"2020-12-02T15:15:00Z","Interval":"5min","Figi":"BBG000BXRPH1"}
{"o":100.88,"c":100.98,"h":101.06,"l":100.8,"v":2147.0,"Time":"2020-12-02T15:15:00Z","Interval":"5min","Figi":"BBG000BXRPH1"}
{"o":100.88,"c":100.96,"h":101.06,"l":100.8,"v":2247.0,"Time":"2020-12-02T15:15:00Z","Interval":"5min","Figi":"BBG000BXRPH1"}
{"o":100.88,"c":101.03,"h":101.06,"l":100.8,"v":2333.0,"Time":"2020-12-02T15:15:00Z","Interval":"5min","Figi":"BBG000BXRPH1"}
{"o":100.88,"c":101.05,"h":101.06,"l":100.8,"v":2354.0,"Time":"2020-12-02T15:15:00Z","Interval":"5min","Figi":"BBG000BXRPH1"}
{"o":100.88,"c":101.0,"h":101.06,"l":100.8,"v":2754.0,"Time":"2020-12-02T15:15:00Z","Interval":"5min","Figi":"BBG000BXRPH1"}
{"o":100.88,"c":101.04,"h":101.06,"l":100.8,"v":2755.0,"Time":"2020-12-02T15:15:00Z","Interval":"5min","Figi":"BBG000BXRPH1"}
{"o":100.88,"c":101.0,"h":101.06,"l":100.8,"v":2855.0,"Time":"2020-12-02T15:15:00Z","Interval":"5min","Figi":"BBG000BXRPH1"}
{"o":100.88,"c":101.04,"h":101.06,"l":100.8,"v":2999.0,"Time":"2020-12-02T15:15:00Z","Interval":"5min","Figi":"BBG000BXRPH1"}
{"o":100.88,"c":101.04,"h":101.06,"l":100.8,"v":3167.0,"Time":"2020-12-02T15:15:00Z","Interval":"5min","Figi":"BBG000BXRPH1"}
{"o":100.88,"c":101.08,"h":101.08,"l":100.8,"v":3168.0,"Time":"2020-12-02T15:15:00Z","Interval":"5min","Figi":"BBG000BXRPH1"}
{"o":101.0,"c":101.0,"h":101.0,"l":101.0,"v":9.0,"Time":"2020-12-02T15:20:00Z","Interval":"5min","Figi":"BBG000BXRPH1"}
{"o":101.0,"c":100.99,"h":101.0,"l":100.99,"v":18.0,"Time":"2020-12-02T15:20:00Z","Interval":"5min","Figi":"BBG000BXRPH1"}
{"o":101.0,"c":100.96,"h":101.0,"l":100.95,"v":718.0,"Time":"2020-12-02T15:20:00Z","Interval":"5min","Figi":"BBG000BXRPH1"}
{"o":101.0,"c":101.0,"h":101.0,"l":100.95,"v":719.0,"Time":"2020-12-02T15:20:00Z","Interval":"5min","Figi":"BBG000BXRPH1"}
{"o":101.0,"c":100.99,"h":101.0,"l":100.95,"v":738.0,"Time":"2020-12-02T15:20:00Z","Interval":"5min","Figi":"BBG000BXRPH1"}
{"o":101.0,"c":100.95,"h":101.0,"l":100.95,"v":847.0,"Time":"2020-12-02T15:20:00Z","Interval":"5min","Figi":"BBG000BXRPH1"}
{"o":101.0,"c":100.98,"h":101.0,"l":100.95,"v":848.0,"Time":"2020-12-02T15:20:00Z","Interval":"5min","Figi":"BBG000BXRPH1"}
{"o":101.0,"c":100.98,"h":101.0,"l":100.95,"v":857.0,"Time":"2020-12-02T15:20:00Z","Interval":"5min","Figi":"BBG000BXRPH1"}
{"o":101.0,"c":101.02,"h":101.02,"l":100.95,"v":959.0,"Time":"2020-12-02T15:20:00Z","Interval":"5min","Figi":"BBG000BXRPH1"}
{"o":101.0,"c":101.1,"h":101.1,"l":100.95,"v":1177.0,"Time":"2020-12-02T15:20:00Z","Interval":"5min","Figi":"BBG000BXRPH1"}
{"o":101.0,"c":101.15,"h":101.15,"l":100.95,"v":1178.0,"Time":"2020-12-02T15:20:00Z","Interval":"5min","Figi":"BBG000BXRPH1"}
{"o":101.0,"c":101.19,"h":101.19,"l":100.95,"v":1195.0,"Time":"2020-12-02T15:20:00Z","Interval":"5min","Figi":"BBG000BXRPH1"}
{"o":101.0,"c":101.32,"h":101.32,"l":100.95,"v":1395.0,"Time":"2020-12-02T15:20:00Z","Interval":"5min","Figi":"BBG000BXRPH1"}
{"o":101.0,"c":101.35,"h":101.35,"l":100.95,"v":1396.0,"Time":"2020-12-02T15:20:00Z","Interval":"5min","Figi":"BBG000BXRPH1"}
{"o":101.0,"c":101.35,"h":101.35,"l":100.95,"v":1424.0,"Time":"2020-12-02T15:20:00Z","Interval":"5min","Figi":"BBG000BXRPH1"}
{"o":101.0,"c":101.35,"h":101.35,"l":100.95,"v":1596.0,"Time":"2020-12-02T15:20:00Z","Interval":"5min","Figi":"BBG000BXRPH1"}
{"o":101.0,"c":101.4,"h":101.4,"l":100.95,"v":1696.0,"Time":"2020-12-02T15:20:00Z","Interval":"5min","Figi":"BBG000BXRPH1"}
{"o":101.0,"c":101.48,"h":101.48,"l":100.95,"v":1713.0,"Time":"2020-12-02T15:20:00Z","Interval":"5min","Figi":"BBG000BXRPH1"}
{"o":101.0,"c":101.43,"h":101.48,"l":100.95,"v":1720.0,"Time":"2020-12-02T15:20:00Z","Interval":"5min","Figi":"BBG000BXRPH1"}
{"o":101.0,"c":101.42,"h":101.48,"l":100.95,"v":1731.0,"Time":"2020-12-02T15:20:00Z","Interval":"5min","Figi":"BBG000BXRPH1"}
{"o":101.0,"c":101.49,"h":101.49,"l":100.95,"v":1781.0,"Time":"2020-12-02T15:20:00Z","Interval":"5min","Figi":"BBG000BXRPH1"}
{"o":101.0,"c":101.43,"h":101.49,"l":100.95,"v":1843.0,"Time":"2020-12-02T15:20:00Z","Interval":"5min","Figi":"BBG000BXRPH1"}
{"o":101.0,"c":101.43,"h":101.49,"l":100.95,"v":1843.0,"Time":"2020-12-02T15:20:00Z","Interval":"5min","Figi":"BBG000BXRPH1"}
{"o":101.44,"c":101.44,"h":101.44,"l":101.44,"v":504.0,"Time":"2020-12-02T15:25:00Z","Interval":"5min","Figi":"BBG000BXRPH1"}
{"o":101.44,"c":101.44,"h":101.44,"l":101.44,"v":516.0,"Time":"2020-12-02T15:25:00Z","Interval":"5min","Figi":"BBG000BXRPH1"}
{"o":101.44,"c":101.43,"h":101.44,"l":101.43,"v":517.0,"Time":"2020-12-02T15:25:00Z","Interval":"5min","Figi":"BBG000BXRPH1"}
{"o":101.44,"c":101.4,"h":101.44,"l":101.4,"v":518.0,"Time":"2020-12-02T15:25:00Z","Interval":"5min","Figi":"BBG000BXRPH1"}
{"o":101.44,"c":101.37,"h":101.44,"l":101.37,"v":726.0,"Time":"2020-12-02T15:25:00Z","Interval":"5min","Figi":"BBG000BXRPH1"}
{"o":101.44,"c":101.22,"h":101.44,"l":101.22,"v":750.0,"Time":"2020-12-02T15:25:00Z","Interval":"5min","Figi":"BBG000BXRPH1"}
{"o":101.44,"c":101.29,"h":101.44,"l":101.22,"v":950.0,"Time":"2020-12-02T15:25:00Z","Interval":"5min","Figi":"BBG000BXRPH1"}
{"o":101.44,"c":101.35,"h":101.44,"l":101.22,"v":1450.0,"Time":"2020-12-02T15:25:00Z","Interval":"5min","Figi":"BBG000BXRPH1"}
{"o":101.44,"c":101.38,"h":101.44,"l":101.22,"v":1452.0,"Time":"2020-12-02T15:25:00Z","Interval":"5min","Figi":"BBG000BXRPH1"}
{"o":101.44,"c":101.34,"h":101.44,"l":101.22,"v":1453.0,"Time":"2020-12-02T15:25:00Z","Interval":"5min","Figi":"BBG000BXRPH1"}
{"o":101.44,"c":101.44,"h":101.44,"l":101.22,"v":1628.0,"Time":"2020-12-02T15:25:00Z","Interval":"5min","Figi":"BBG000BXRPH1"}
{"o":101.44,"c":101.5,"h":101.5,"l":101.22,"v":1728.0,"Time":"2020-12-02T15:25:00Z","Interval":"5min","Figi":"BBG000BXRPH1"}
{"o":101.44,"c":101.55,"h":101.55,"l":101.22,"v":1754.0,"Time":"2020-12-02T15:25:00Z","Interval":"5min","Figi":"BBG000BXRPH1"}
{"o":101.65,"c":101.65,"h":101.65,"l":101.65,"v":30.0,"Time":"2020-12-02T15:30:00Z","Interval":"5min","Figi":"BBG000BXRPH1"}
{"o":101.65,"c":101.49,"h":101.65,"l":101.49,"v":148.0,"Time":"2020-12-02T15:30:00Z","Interval":"5min","Figi":"BBG000BXRPH1"}
{"o":101.65,"c":101.49,"h":101.65,"l":101.49,"v":189.0,"Time":"2020-12-02T15:30:00Z","Interval":"5min","Figi":"BBG000BXRPH1"}
{"o":101.65,"c":101.43,"h":101.65,"l":101.43,"v":205.0,"Time":"2020-12-02T15:30:00Z","Interval":"5min","Figi":"BBG000BXRPH1"}
{"o":101.65,"c":101.34,"h":101.65,"l":101.34,"v":206.0,"Time":"2020-12-02T15:30:00Z","Interval":"5min","Figi":"BBG000BXRPH1"}
{"o":101.65,"c":101.36,"h":101.65,"l":101.34,"v":207.0,"Time":"2020-12-02T15:30:00Z","Interval":"5min","Figi":"BBG000BXRPH1"}
{"o":101.65,"c":101.44,"h":101.65,"l":101.34,"v":209.0,"Time":"2020-12-02T15:30:00Z","Interval":"5min","Figi":"BBG000BXRPH1"}
{"o":101.65,"c":101.44,"h":101.65,"l":101.34,"v":212.0,"Time":"2020-12-02T15:30:00Z","Interval":"5min","Figi":"BBG000BXRPH1"}
{"o":101.65,"c":101.52,"h":101.65,"l":101.34,"v":362.0,"Time":"2020-12-02T15:30:00Z","Interval":"5min","Figi":"BBG000BXRPH1"}
{"o":101.65,"c":101.45,"h":101.65,"l":101.34,"v":395.0,"Time":"2020-12-02T15:30:00Z","Interval":"5min","Figi":"BBG000BXRPH1"}
{"o":101.65,"c":101.52,"h":101.65,"l":101.34,"v":595.0,"Time":"2020-12-02T15:30:00Z","Interval":"5min","Figi":"BBG000BXRPH1"}
{"o":101.65,"c":101.59,"h":101.65,"l":101.34,"v":795.0,"Time":"2020-12-02T15:30:00Z","Interval":"5min","Figi":"BBG000BXRPH1"}
{"o":101.65,"c":101.65,"h":101.65,"l":101.34,"v":910.0,"Time":"2020-12-02T15:30:00Z","Interval":"5min","Figi":"BBG000BXRPH1"}
{"o":101.65,"c":101.7,"h":101.74,"l":101.34,"v":970.0,"Time":"2020-12-02T15:30:00Z","Interval":"5min","Figi":"BBG000BXRPH1"}
{"o":101.65,"c":101.67,"h":101.74,"l":101.34,"v":971.0,"Time":"2020-12-02T15:30:00Z","Interval":"5min","Figi":"BBG000BXRPH1"}
{"o":101.65,"c":101.61,"h":101.74,"l":101.34,"v":1080.0,"Time":"2020-12-02T15:30:00Z","Interval":"5min","Figi":"BBG000BXRPH1"}
{"o":101.65,"c":101.6,"h":101.74,"l":101.34,"v":1267.0,"Time":"2020-12-02T15:30:00Z","Interval":"5min","Figi":"BBG000BXRPH1"}
{"o":101.65,"c":101.6,"h":101.74,"l":101.34,"v":1367.0,"Time":"2020-12-02T15:30:00Z","Interval":"5min","Figi":"BBG000BXRPH1"}
{"o":101.65,"c":101.6,"h":101.74,"l":101.34,"v":1513.0,"Time":"2020-12-02T15:30:00Z","Interval":"5min","Figi":"BBG000BXRPH1"}
{"o":101.65,"c":101.67,"h":101.74,"l":101.34,"v":1813.0,"Time":"2020-12-02T15:30:00Z","Interval":"5min","Figi":"BBG000BXRPH1"}
{"o":101.65,"c":101.69,"h":101.74,"l":101.34,"v":2513.0,"Time":"2020-12-02T15:30:00Z","Interval":"5min","Figi":"BBG000BXRPH1"}
{"o":101.65,"c":101.56,"h":101.74,"l":101.34,"v":2737.0,"Time":"2020-12-02T15:30:00Z","Interval":"5min","Figi":"BBG000BXRPH1"}
{"o":101.65,"c":101.44,"h":101.74,"l":101.34,"v":2740.0,"Time":"2020-12-02T15:30:00Z","Interval":"5min","Figi":"BBG000BXRPH1"}
{"o":101.65,"c":101.43,"h":101.74,"l":101.34,"v":2790.0,"Time":"2020-12-02T15:30:00Z","Interval":"5min","Figi":"BBG000BXRPH1"}
{"o":101.65,"c":101.43,"h":101.74,"l":101.34,"v":2840.0,"Time":"2020-12-02T15:30:00Z","Interval":"5min","Figi":"BBG000BXRPH1"}
{"o":101.65,"c":101.52,"h":101.74,"l":101.34,"v":2844.0,"Time":"2020-12-02T15:30:00Z","Interval":"5min","Figi":"BBG000BXRPH1"}
{"o":101.65,"c":101.54,"h":101.74,"l":101.34,"v":2944.0,"Time":"2020-12-02T15:30:00Z","Interval":"5min","Figi":"BBG000BXRPH1"}
{"o":101.65,"c":101.47,"h":101.74,"l":101.34,"v":2974.0,"Time":"2020-12-02T15:30:00Z","Interval":"5min","Figi":"BBG000BXRPH1"}
{"o":101.65,"c":101.43,"h":101.74,"l":101.34,"v":2975.0,"Time":"2020-12-02T15:30:00Z","Interval":"5min","Figi":"BBG000BXRPH1"}
{"o":101.65,"c":101.43,"h":101.74,"l":101.34,"v":3075.0,"Time":"2020-12-02T15:30:00Z","Interval":"5min","Figi":"BBG000BXRPH1"}
{"o":101.65,"c":101.44,"h":101.74,"l":101.34,"v":3175.0,"Time":"2020-12-02T15:30:00Z","Interval":"5min","Figi":"BBG000BXRPH1"}
{"o":101.65,"c":101.44,"h":101.74,"l":101.34,"v":3487.0,"Time":"2020-12-02T15:30:00Z","Interval":"5min","Figi":"BBG000BXRPH1"}
{"o":101.65,"c":101.5,"h":101.74,"l":101.34,"v":3687.0,"Time":"2020-12-02T15:30:00Z","Interval":"5min","Figi":"BBG000BXRPH1"}
{"o":101.65,"c":101.49,"h":101.74,"l":101.34,"v":3707.0,"Time":"2020-12-02T15:30:00Z","Interval":"5min","Figi":"BBG000BXRPH1"}
{"o":101.44,"c":101.44,"h":101.44,"l":101.44,"v":50.0,"Time":"2020-12-02T15:35:00Z","Interval":"5min","Figi":"BBG000BXRPH1"}
{"o":101.44,"c":101.37,"h":101.44,"l":101.37,"v":212.0,"Time":"2020-12-02T15:35:00Z","Interval":"5min","Figi":"BBG000BXRPH1"}
{"o":101.44,"c":101.43,"h":101.44,"l":101.37,"v":312.0,"Time":"2020-12-02T15:35:00Z","Interval":"5min","Figi":"BBG000BXRPH1"}
{"o":101.44,"c":101.51,"h":101.51,"l":101.37,"v":412.0,"Time":"2020-12-02T15:35:00Z","Interval":"5min","Figi":"BBG000BXRPH1"}
{"o":101.44,"c":101.6,"h":101.6,"l":101.37,"v":587.0,"Time":"2020-12-02T15:35:00Z","Interval":"5min","Figi":"BBG000BXRPH1"}
{"o":101.44,"c":101.6,"h":101.6,"l":101.37,"v":899.0,"Time":"2020-12-02T15:35:00Z","Interval":"5min","Figi":"BBG000BXRPH1"}
{"o":101.44,"c":101.71,"h":101.71,"l":101.37,"v":902.0,"Time":"2020-12-02T15:35:00Z","Interval":"5min","Figi":"BBG000BXRPH1"}
{"o":101.44,"c":101.76,"h":101.76,"l":101.37,"v":1002.0,"Time":"2020-12-02T15:35:00Z","Interval":"5min","Figi":"BBG000BXRPH1"}
{"o":101.44,"c":101.82,"h":101.82,"l":101.37,"v":1003.0,"Time":"2020-12-02T15:35:00Z","Interval":"5min","Figi":"BBG000BXRPH1"}
{"o":101.44,"c":101.75,"h":101.82,"l":101.37,"v":1070.0,"Time":"2020-12-02T15:35:00Z","Interval":"5min","Figi":"BBG000BXRPH1"}
{"o":101.44,"c":101.7,"h":101.82,"l":101.37,"v":1073.0,"Time":"2020-12-02T15:35:00Z","Interval":"5min","Figi":"BBG000BXRPH1"}
{"o":101.44,"c":101.69,"h":101.82,"l":101.37,"v":1074.0,"Time":"2020-12-02T15:35:00Z","Interval":"5min","Figi":"BBG000BXRPH1"}
{"o":101.44,"c":101.69,"h":101.82,"l":101.37,"v":1075.0,"Time":"2020-12-02T15:35:00Z","Interval":"5min","Figi":"BBG000BXRPH1"}
{"o":101.44,"c":101.75,"h":101.82,"l":101.37,"v":1175.0,"Time":"2020-12-02T15:35:00Z","Interval":"5min","Figi":"BBG000BXRPH1"}
{"o":101.44,"c":101.64,"h":101.82,"l":101.37,"v":1384.0,"Time":"2020-12-02T15:35:00Z","Interval":"5min","Figi":"BBG000BXRPH1"}
{"o":101.44,"c":101.61,"h":101.82,"l":101.37,"v":1494.0,"Time":"2020-12-02T15:35:00Z","Interval":"5min","Figi":"BBG000BXRPH1"}
{"o":101.44,"c":101.66,"h":101.82,"l":101.37,"v":1694.0,"Time":"2020-12-02T15:35:00Z","Interval":"5min","Figi":"BBG000BXRPH1"}
{"o":101.44,"c":101.68,"h":101.82,"l":101.37,"v":1824.0,"Time":"2020-12-02T15:35:00Z","Interval":"5min","Figi":"BBG000BXRPH1"}
{"o":101.44,"c":101.75,"h":101.82,"l":101.37,"v":1924.0,"Time":"2020-12-02T15:35:00Z","Interval":"5min","Figi":"BBG000BXRPH1"}
{"o":101.44,"c":101.64,"h":101.82,"l":101.37,"v":2034.0,"Time":"2020-12-02T15:35:00Z","Interval":"5min","Figi":"BBG000BXRPH1"}
{"o":101.44,"c":101.63,"h":101.82,"l":101.37,"v":2134.0,"Time":"2020-12-02T15:35:00Z","Interval":"5min","Figi":"BBG000BXRPH1"}
{"o":101.44,"c":101.55,"h":101.82,"l":101.37,"v":2144.0,"Time":"2020-12-02T15:35:00Z","Interval":"5min","Figi":"BBG000BXRPH1"}
{"o":101.44,"c":101.54,"h":101.82,"l":101.37,"v":2164.0,"Time":"2020-12-02T15:35:00Z","Interval":"5min","Figi":"BBG000BXRPH1"}
{"o":101.44,"c":101.51,"h":101.82,"l":101.37,"v":2184.0,"Time":"2020-12-02T15:35:00Z","Interval":"5min","Figi":"BBG000BXRPH1"}
{"o":101.44,"c":101.49,"h":101.82,"l":101.37,"v":2187.0,"Time":"2020-12-02T15:35:00Z","Interval":"5min","Figi":"BBG000BXRPH1"}
{"o":101.44,"c":101.47,"h":101.82,"l":101.37,"v":2203.0,"Time":"2020-12-02T15:35:00Z","Interval":"5min","Figi":"BBG000BXRPH1"}
{"o":101.44,"c":101.42,"h":101.82,"l":101.37,"v":2206.0,"Time":"2020-12-02T15:35:00Z","Interval":"5min","Figi":"BBG000BXRPH1"}
{"o":101.44,"c":101.59,"h":101.82,"l":101.37,"v":2311.0,"Time":"2020-12-02T15:35:00Z","Interval":"5min","Figi":"BBG000BXRPH1"}
{"o":101.44,"c":101.47,"h":101.82,"l":101.37,"v":2511.0,"Time":"2020-12-02T15:35:00Z","Interval":"5min","Figi":"BBG000BXRPH1"}
{"o":101.44,"c":101.44,"h":101.82,"l":101.37,"v":2839.0,"Time":"2020-12-02T15:35:00Z","Interval":"5min","Figi":"BBG000BXRPH1"}
{"o":101.44,"c":101.42,"h":101.82,"l":101.37,"v":2843.0,"Time":"2020-12-02T15:35:00Z","Interval":"5min","Figi":"BBG000BXRPH1"}
{"o":101.49,"c":101.48,"h":101.49,"l":101.48,"v":161.0,"Time":"2020-12-02T15:40:00Z","Interval":"5min","Figi":"BBG000BXRPH1"}
{"o":101.49,"c":101.48,"h":101.49,"l":101.48,"v":200.0,"Time":"2020-12-02T15:40:00Z","Interval":"5min","Figi":"BBG000BXRPH1"}
{"o":101.49,"c":101.49,"h":101.49,"l":101.48,"v":300.0,"Time":"2020-12-02T15:40:00Z","Interval":"5min","Figi":"BBG000BXRPH1"}
{"o":101.49,"c":101.52,"h":101.52,"l":101.48,"v":400.0,"Time":"2020-12-02T15:40:00Z","Interval":"5min","Figi":"BBG000BXRPH1"}
{"o":101.49,"c":101.42,"h":101.52,"l":101.42,"v":561.0,"Time":"2020-12-02T15:40:00Z","Interval":"5min","Figi":"BBG000BXRPH1"}
{"o":101.49,"c":101.38,"h":101.52,"l":101.38,"v":664.0,"Time":"2020-12-02T15:40:00Z","Interval":"5min","Figi":"BBG000BXRPH1"}
{"o":101.49,"c":101.34,"h":101.52,"l":101.34,"v":783.0,"Time":"2020-12-02T15:40:00Z","Interval":"5min","Figi":"BBG000BXRPH1"}
{"o":101.49,"c":101.3,"h":101.52,"l":101.3,"v":789.0,"Time":"2020-12-02T15:40:00Z","Interval":"5min","Figi":"BBG000BXRPH1"}
{"o":101.49,"c":101.29,"h":101.52,"l":101.29,"v":1094.0,"Time":"2020-12-02T15:40:00Z","Interval":"5min","Figi":"BBG000BXRPH1"}
{"o":101.49,"c":101.26,"h":101.52,"l":101.26,"v":1144.0,"Time":"2020-12-02T15:40:00Z","Interval":"5min","Figi":"BBG000BXRPH1"}
{"o":101.49,"c":101.34,"h":101.52,"l":101.26,"v":1319.0,"Time":"2020-12-02T15:40:00Z","Interval":"5min","Figi":"BBG000BXRPH1"}
{"o":101.49,"c":101.36,"h":101.52,"l":101.26,"v":1419.0,"Time":"2020-12-02T15:40:00Z","Interval":"5min","Figi":"BBG000BXRPH1"}
{"o":101.49,"c":101.37,"h":101.52,"l":101.26,"v":1771.0,"Time":"2020-12-02T15:40:00Z","Interval":"5min","Figi":"BBG000BXRPH1"}
{"o":101.49,"c":101.39,"h":101.52,"l":101.26,"v":2126.0,"Time":"2020-12-02T15:40:00Z","Interval":"5min","Figi":"BBG000BXRPH1"}
{"o":101.49,"c":101.39,"h":101.52,"l":101.26,"v":2154.0,"Time":"2020-12-02T15:40:00Z","Interval":"5min","Figi":"BBG000BXRPH1"}
{"o":101.49,"c":101.43,"h":101.52,"l":101.26,"v":2155.0,"Time":"2020-12-02T15:40:00Z","Interval":"5min","Figi":"BBG000BXRPH1"}
{"o":101.49,"c":101.48,"h":101.52,"l":101.26,"v":2255.0,"Time":"2020-12-02T15:40:00Z","Interval":"5min","Figi":"BBG000BXRPH1"}
{"o":101.49,"c":101.48,"h":101.52,"l":101.26,"v":2355.0,"Time":"2020-12-02T15:40:00Z","Interval":"5min","Figi":"BBG000BXRPH1"}
{"o":101.49,"c":101.52,"h":101.52,"l":101.26,"v":2555.0,"Time":"2020-12-02T15:40:00Z","Interval":"5min","Figi":"BBG000BXRPH1"}
{"o":101.49,"c":101.52,"h":101.52,"l":101.26,"v":2567.0,"Time":"2020-12-02T15:40:00Z","Interval":"5min","Figi":"BBG000BXRPH1"}
{"o":101.49,"c":101.5,"h":101.52,"l":101.26,"v":2777.0,"Time":"2020-12-02T15:40:00Z","Interval":"5min","Figi":"BBG000BXRPH1"}
{"o":101.49,"c":101.48,"h":101.52,"l":101.26,"v":2877.0,"Time":"2020-12-02T15:40:00Z","Interval":"5min","Figi":"BBG000BXRPH1"}
{"o":101.49,"c":101.5,"h":101.53,"l":101.26,"v":3099.0,"Time":"2020-12-02T15:40:00Z","Interval":"5min","Figi":"BBG000BXRPH1"}
{"o":101.49,"c":101.53,"h":101.53,"l":101.26,"v":3199.0,"Time":"2020-12-02T15:40:00Z","Interval":"5min","Figi":"BBG000BXRPH1"}
{"o":101.49,"c":101.51,"h":101.53,"l":101.26,"v":3225.0,"Time":"2020-12-02T15:40:00Z","Interval":"5min","Figi":"BBG000BXRPH1"}
{"o":101.49,"c":101.49,"h":101.53,"l":101.26,"v":3226.0,"Time":"2020-12-02T15:40:00Z","Interval":"5min","Figi":"BBG000BXRPH1"}
{"o":101.49,"c":101.49,"h":101.53,"l":101.26,"v":3232.0,"Time":"2020-12-02T15:40:00Z","Interval":"5min","Figi":"BBG000BXRPH1"}
{"o":101.49,"c":101.47,"h":101.53,"l":101.26,"v":3432.0,"Time":"2020-12-02T15:40:00Z","Interval":"5min","Figi":"BBG000BXRPH1"}
{"o":101.49,"c":101.43,"h":101.53,"l":101.26,"v":3435.0,"Time":"2020-12-02T15:40:00Z","Interval":"5min","Figi":"BBG000BXRPH1"}
{"o":101.49,"c":101.44,"h":101.53,"l":101.26,"v":3447.0,"Time":"2020-12-02T15:40:00Z","Interval":"5min","Figi":"BBG000BXRPH1"}
{"o":101.49,"c":101.44,"h":101.53,"l":101.26,"v":3448.0,"Time":"2020-12-02T15:40:00Z","Interval":"5min","Figi":"BBG000BXRPH1"}
{"o":101.49,"c":101.5,"h":101.53,"l":101.26,"v":3648.0,"Time":"2020-12-02T15:40:00Z","Interval":"5min","Figi":"BBG000BXRPH1"}
{"o":101.49,"c":101.5,"h":101.53,"l":101.26,"v":4148.0,"Time":"2020-12-02T15:40:00Z","Interval":"5min","Figi":"BBG000BXRPH1"}
{"o":101.49,"c":101.52,"h":101.53,"l":101.26,"v":4155.0,"Time":"2020-12-02T15:40:00Z","Interval":"5min","Figi":"BBG000BXRPH1"}
{"o":101.49,"c":101.52,"h":101.53,"l":101.26,"v":4225.0,"Time":"2020-12-02T15:40:00Z","Interval":"5min","Figi":"BBG000BXRPH1"}
{"o":101.49,"c":101.48,"h":101.53,"l":101.26,"v":4325.0,"Time":"2020-12-02T15:40:00Z","Interval":"5min","Figi":"BBG000BXRPH1"}
{"o":101.49,"c":101.48,"h":101.53,"l":101.26,"v":4345.0,"Time":"2020-12-02T15:40:00Z","Interval":"5min","Figi":"BBG000BXRPH1"}
{"o":101.49,"c":101.55,"h":101.55,"l":101.26,"v":4445.0,"Time":"2020-12-02T15:40:00Z","Interval":"5min","Figi":"BBG000BXRPH1"}
{"o":101.49,"c":101.56,"h":101.56,"l":101.26,"v":4676.0,"Time":"2020-12-02T15:40:00Z","Interval":"5min","Figi":"BBG000BXRPH1"}
{"o":101.49,"c":101.56,"h":101.56,"l":101.26,"v":4749.0,"Time":"2020-12-02T15:40:00Z","Interval":"5min","Figi":"BBG000BXRPH1"}
{"o":101.49,"c":101.62,"h":101.62,"l":101.26,"v":4889.0,"Time":"2020-12-02T15:40:00Z","Interval":"5min","Figi":"BBG000BXRPH1"}
{"o":101.49,"c":101.57,"h":101.62,"l":101.26,"v":5089.0,"Time":"2020-12-02T15:40:00Z","Interval":"5min","Figi":"BBG000BXRPH1"}
{"o":101.49,"c":101.57,"h":101.62,"l":101.26,"v":5484.0,"Time":"2020-12-02T15:40:00Z","Interval":"5min","Figi":"BBG000BXRPH1"}
{"o":101.49,"c":101.56,"h":101.62,"l":101.26,"v":5584.0,"Time":"2020-12-02T15:40:00Z","Interval":"5min","Figi":"BBG000BXRPH1"}
{"o":101.49,"c":101.53,"h":101.62,"l":101.26,"v":5600.0,"Time":"2020-12-02T15:40:00Z","Interval":"5min","Figi":"BBG000BXRPH1"}
{"o":101.49,"c":101.53,"h":101.62,"l":101.26,"v":5710.0,"Time":"2020-12-02T15:40:00Z","Interval":"5min","Figi":"BBG000BXRPH1"}
{"o":101.49,"c":101.58,"h":101.62,"l":101.26,"v":5711.0,"Time":"2020-12-02T15:40:00Z","Interval":"5min","Figi":"BBG000BXRPH1"}
{"o":101.49,"c":101.55,"h":101.65,"l":101.26,"v":6170.0,"Time":"2020-12-02T15:40:00Z","Interval":"5min","Figi":"BBG000BXRPH1"}
{"o":101.49,"c":101.51,"h":101.65,"l":101.26,"v":6219.0,"Time":"2020-12-02T15:40:00Z","Interval":"5min","Figi":"BBG000BXRPH1"}
{"o":101.49,"c":101.5,"h":101.65,"l":101.26,"v":6319.0,"Time":"2020-12-02T15:40:00Z","Interval":"5min","Figi":"BBG000BXRPH1"}
{"o":101.49,"c":101.47,"h":101.65,"l":101.26,"v":6419.0,"Time":"2020-12-02T15:40:00Z","Interval":"5min","Figi":"BBG000BXRPH1"}
{"o":101.4,"c":101.4,"h":101.4,"l":101.4,"v":7.0,"Time":"2020-12-02T15:45:00Z","Interval":"5min","Figi":"BBG000BXRPH1"}
{"o":101.4,"c":101.48,"h":101.48,"l":101.4,"v":107.0,"Time":"2020-12-02T15:45:00Z","Interval":"5min","Figi":"BBG000BXRPH1"}
{"o":101.4,"c":101.48,"h":101.48,"l":101.4,"v":307.0,"Time":"2020-12-02T15:45:00Z","Interval":"5min","Figi":"BBG000BXRPH1"}
{"o":101.4,"c":101.51,"h":101.51,"l":101.4,"v":407.0,"Time":"2020-12-02T15:45:00Z","Interval":"5min","Figi":"BBG000BXRPH1"}
{"o":101.4,"c":101.44,"h":101.51,"l":101.4,"v":607.0,"Time":"2020-12-02T15:45:00Z","Interval":"5min","Figi":"BBG000BXRPH1"}
{"o":101.4,"c":101.35,"h":101.51,"l":101.35,"v":641.0,"Time":"2020-12-02T15:45:00Z","Interval":"5min","Figi":"BBG000BXRPH1"}
{"o":101.4,"c":101.29,"h":101.51,"l":101.29,"v":741.0,"Time":"2020-12-02T15:45:00Z","Interval":"5min","Figi":"BBG000BXRPH1"}
{"o":101.4,"c":101.36,"h":101.51,"l":101.29,"v":1041.0,"Time":"2020-12-02T15:45:00Z","Interval":"5min","Figi":"BBG000BXRPH1"}
{"o":101.4,"c":101.36,"h":101.51,"l":101.29,"v":1203.0,"Time":"2020-12-02T15:45:00Z","Interval":"5min","Figi":"BBG000BXRPH1"}
{"o":101.4,"c":101.42,"h":101.51,"l":101.29,"v":1205.0,"Time":"2020-12-02T15:45:00Z","Interval":"5min","Figi":"BBG000BXRPH1"}
{"o":101.4,"c":101.44,"h":101.51,"l":101.29,"v":1213.0,"Time":"2020-12-02T15:45:00Z","Interval":"5min","Figi":"BBG000BXRPH1"}
{"o":101.4,"c":101.51,"h":101.51,"l":101.29,"v":1413.0,"Time":"2020-12-02T15:45:00Z","Interval":"5min","Figi":"BBG000BXRPH1"}
{"o":101.4,"c":101.61,"h":101.61,"l":101.29,"v":1414.0,"Time":"2020-12-02T15:45:00Z","Interval":"5min","Figi":"BBG000BXRPH1"}
{"o":101.4,"c":101.65,"h":101.65,"l":101.29,"v":1514.0,"Time":"2020-12-02T15:45:00Z","Interval":"5min","Figi":"BBG000BXRPH1"}
{"o":101.4,"c":101.85,"h":101.85,"l":101.29,"v":1726.0,"Time":"2020-12-02T15:45:00Z","Interval":"5min","Figi":"BBG000BXRPH1"}
{"o":101.4,"c":101.86,"h":101.86,"l":101.29,"v":1941.0,"Time":"2020-12-02T15:45:00Z","Interval":"5min","Figi":"BBG000BXRPH1"}
{"o":101.4,"c":101.71,"h":101.86,"l":101.29,"v":1943.0,"Time":"2020-12-02T15:45:00Z","Interval":"5min","Figi":"BBG000BXRPH1"}
{"o":101.4,"c":101.83,"h":101.86,"l":101.29,"v":2343.0,"Time":"2020-12-02T15:45:00Z","Interval":"5min","Figi":"BBG000BXRPH1"}
{"o":101.4,"c":101.91,"h":101.91,"l":101.29,"v":2345.0,"Time":"2020-12-02T15:45:00Z","Interval":"5min","Figi":"BBG000BXRPH1"}
{"o":101.4,"c":101.77,"h":101.91,"l":101.29,"v":2361.0,"Time":"2020-12-02T15:45:00Z","Interval":"5min","Figi":"BBG000BXRPH1"}
{"o":101.4,"c":101.75,"h":101.91,"l":101.29,"v":2366.0,"Time":"2020-12-02T15:45:00Z","Interval":"5min","Figi":"BBG000BXRPH1"}
{"o":101.4,"c":101.74,"h":101.91,"l":101.29,"v":2468.0,"Time":"2020-12-02T15:45:00Z","Interval":"5min","Figi":"BBG000BXRPH1"}
{"o":101.4,"c":101.84,"h":101.91,"l":101.29,"v":2722.0,"Time":"2020-12-02T15:45:00Z","Interval":"5min","Figi":"BBG000BXRPH1"}
{"o":101.4,"c":101.91,"h":101.91,"l":101.29,"v":3022.0,"Time":"2020-12-02T15:45:00Z","Interval":"5min","Figi":"BBG000BXRPH1"}
{"o":101.4,"c":101.92,"h":101.92,"l":101.29,"v":3023.0,"Time":"2020-12-02T15:45:00Z","Interval":"5min","Figi":"BBG000BXRPH1"}
{"o":101.4,"c":101.85,"h":101.92,"l":101.29,"v":3123.0,"Time":"2020-12-02T15:45:00Z","Interval":"5min","Figi":"BBG000BXRPH1"}
{"o":101.4,"c":101.75,"h":101.92,"l":101.29,"v":3223.0,"Time":"2020-12-02T15:45:00Z","Interval":"5min","Figi":"BBG000BXRPH1"}
{"o":101.4,"c":101.82,"h":101.92,"l":101.29,"v":3232.0,"Time":"2020-12-02T15:45:00Z","Interval":"5min","Figi":"BBG000BXRPH1"}
{"o":101.4,"c":101.75,"h":101.92,"l":101.29,"v":3332.0,"Time":"2020-12-02T15:45:00Z","Interval":"5min","Figi":"BBG000BXRPH1"}
{"o":101.74,"c":101.75,"h":101.75,"l":101.74,"v":500.0,"Time":"2020-12-02T15:50:00Z","Interval":"5min","Figi":"BBG000BXRPH1"}
{"o":101.74,"c":101.75,"h":101.75,"l":101.74,"v":600.0,"Time":"2020-12-02T15:50:00Z","Interval":"5min","Figi":"BBG000BXRPH1"}
{"o":101.74,"c":101.75,"h":101.75,"l":101.74,"v":800.0,"Time":"2020-12-02T15:50:00Z","Interval":"5min","Figi":"BBG000BXRPH1"}
{"o":101.74,"c":101.75,"h":101.75,"l":101.74,"v":900.0,"Time":"2020-12-02T15:50:00Z","Interval":"5min","Figi":"BBG000BXRPH1"}
{"o":101.74,"c":101.76,"h":101.76,"l":101.74,"v":920.0,"Time":"2020-12-02T15:50:00Z","Interval":"5min","Figi":"BBG000BXRPH1"}
{"o":101.74,"c":101.68,"h":101.76,"l":101.68,"v":1117.0,"Time":"2020-12-02T15:50:00Z","Interval":"5min","Figi":"BBG000BXRPH1"}
{"o":101.74,"c":101.68,"h":101.76,"l":101.68,"v":1417.0,"Time":"2020-12-02T15:50:00Z","Interval":"5min","Figi":"BBG000BXRPH1"}
{"o":101.74,"c":101.76,"h":101.76,"l":101.68,"v":1420.0,"Time":"2020-12-02T15:50:00Z","Interval":"5min","Figi":"BBG000BXRPH1"}
{"o":101.74,"c":101.76,"h":101.76,"l":101.68,"v":1517.0,"Time":"2020-12-02T15:50:00Z","Interval":"5min","Figi":"BBG000BXRPH1"}
{"o":101.74,"c":101.76,"h":101.76,"l":101.68,"v":1537.0,"Time":"2020-12-02T15:50:00Z","Interval":"5min","Figi":"BBG000BXRPH1"}
{"o":101.74,"c":101.76,"h":101.76,"l":101.68,"v":1840.0,"Time":"2020-12-02T15:50:00Z","Interval":"5min","Figi":"BBG000BXRPH1"}
{"o":101.74,"c":102.0,"h":102.0,"l":101.68,"v":2610.0,"Time":"2020-12-02T15:50:00Z","Interval":"5min","Figi":"BBG000BXRPH1"}
{"o":101.74,"c":102.02,"h":102.02,"l":101.68,"v":2611.0,"Time":"2020-12-02T15:50:00Z","Interval":"5min","Figi":"BBG000BXRPH1"}
{"o":101.74,"c":102.09,"h":102.09,"l":101.68,"v":2612.0,"Time":"2020-12-02T15:50:00Z","Interval":"5min","Figi":"BBG000BXRPH1"}
{"o":101.74,"c":102.15,"h":102.15,"l":101.68,"v":2712.0,"Time":"2020-12-02T15:50:00Z","Interval":"5min","Figi":"BBG000BXRPH1"}
{"o":101.74,"c":102.13,"h":102.15,"l":101.68,"v":2812.0,"Time":"2020-12-02T15:50:00Z","Interval":"5min","Figi":"BBG000BXRPH1"}
{"o":101.74,"c":102.2,"h":102.2,"l":101.68,"v":2819.0,"Time":"2020-12-02T15:50:00Z","Interval":"5min","Figi":"BBG000BXRPH1"}
{"o":101.74,"c":102.2,"h":102.2,"l":101.68,"v":3019.0,"Time":"2020-12-02T15:50:00Z","Interval":"5min","Figi":"BBG000BXRPH1"}
{"o":101.74,"c":102.3,"h":102.3,"l":101.68,"v":3026.0,"Time":"2020-12-02T15:50:00Z","Interval":"5min","Figi":"BBG000BXRPH1"}
{"o":101.74,"c":102.18,"h":102.3,"l":101.68,"v":3033.0,"Time":"2020-12-02T15:50:00Z","Interval":"5min","Figi":"BBG000BXRPH1"}
{"o":101.74,"c":102.3,"h":102.3,"l":101.68,"v":3327.0,"Time":"2020-12-02T15:50:00Z","Interval":"5min","Figi":"BBG000BXRPH1"}
{"o":101.74,"c":102.34,"h":102.34,"l":101.68,"v":3358.0,"Time":"2020-12-02T15:50:00Z","Interval":"5min","Figi":"BBG000BXRPH1"}
{"o":101.74,"c":102.29,"h":102.34,"l":101.68,"v":3377.0,"Time":"2020-12-02T15:50:00Z","Interval":"5min","Figi":"BBG000BXRPH1"}
{"o":101.74,"c":102.33,"h":102.34,"l":101.68,"v":3451.0,"Time":"2020-12-02T15:50:00Z","Interval":"5min","Figi":"BBG000BXRPH1"}
{"o":101.74,"c":102.33,"h":102.34,"l":101.68,"v":3751.0,"Time":"2020-12-02T15:50:00Z","Interval":"5min","Figi":"BBG000BXRPH1"}
{"o":101.74,"c":102.32,"h":102.34,"l":101.68,"v":3847.0,"Time":"2020-12-02T15:50:00Z","Interval":"5min","Figi":"BBG000BXRPH1"}
{"o":101.74,"c":102.4,"h":102.4,"l":101.68,"v":3947.0,"Time":"2020-12-02T15:50:00Z","Interval":"5min","Figi":"BBG000BXRPH1"}
{"o":101.74,"c":102.41,"h":102.41,"l":101.68,"v":3948.0,"Time":"2020-12-02T15:50:00Z","Interval":"5min","Figi":"BBG000BXRPH1"}
{"o":101.74,"c":102.32,"h":102.41,"l":101.68,"v":4048.0,"Time":"2020-12-02T15:50:00Z","Interval":"5min","Figi":"BBG000BXRPH1"}
{"o":101.74,"c":102.26,"h":102.41,"l":101.68,"v":4079.0,"Time":"2020-12-02T15:50:00Z","Interval":"5min","Figi":"BBG000BXRPH1"}
{"o":102.36,"c":102.36,"h":102.36,"l":102.36,"v":50.0,"Time":"2020-12-02T15:55:00Z","Interval":"5min","Figi":"BBG000BXRPH1"}
{"o":102.36,"c":102.41,"h":102.41,"l":102.36,"v":103.0,"Time":"2020-12-02T15:55:00Z","Interval":"5min","Figi":"BBG000BXRPH1"}
{"o":102.36,"c":102.41,"h":102.41,"l":102.36,"v":110.0,"Time":"2020-12-02T15:55:00Z","Interval":"5min","Figi":"BBG000BXRPH1"}
{"o":102.36,"c":102.41,"h":102.41,"l":102.36,"v":500.0,"Time":"2020-12-02T15:55:00Z","Interval":"5min","Figi":"BBG000BXRPH1"}
{"o":102.36,"c":102.31,"h":102.41,"l":102.31,"v":501.0,"Time":"2020-12-02T15:55:00Z","Interval":"5min","Figi":"BBG000BXRPH1"}
{"o":102.36,"c":102.23,"h":102.41,"l":102.23,"v":643.0,"Time":"2020-12-02T15:55:00Z","Interval":"5min","Figi":"BBG000BXRPH1"}
{"o":102.36,"c":102.21,"h":102.41,"l":102.21,"v":654.0,"Time":"2020-12-02T15:55:00Z","Interval":"5min","Figi":"BBG000BXRPH1"}
{"o":102.36,"c":102.33,"h":102.41,"l":102.21,"v":755.0,"Time":"2020-12-02T15:55:00Z","Interval":"5min","Figi":"BBG000BXRPH1"}
{"o":102.36,"c":102.34,"h":102.41,"l":102.21,"v":855.0,"Time":"2020-12-02T15:55:00Z","Interval":"5min","Figi":"BBG000BXRPH1"}
{"o":102.36,"c":102.34,"h":102.41,"l":102.21,"v":857.0,"Time":"2020-12-02T15:55:00Z","Interval":"5min","Figi":"BBG000BXRPH1"}
{"o":102.36,"c":102.33,"h":102.41,"l":102.21,"v":964.0,"Time":"2020-12-02T15:55:00Z","Interval":"5min","Figi":"BBG000BXRPH1"}
{"o":102.36,"c":102.33,"h":102.41,"l":102.21,"v":978.0,"Time":"2020-12-02T15:55:00Z","Interval":"5min","Figi":"BBG000BXRPH1"}
{"o":102.36,"c":102.3,"h":102.41,"l":102.21,"v":1078.0,"Time":"2020-12-02T15:55:00Z","Interval":"5min","Figi":"BBG000BXRPH1"}
{"o":102.36,"c":102.38,"h":102.41,"l":102.21,"v":1093.0,"Time":"2020-12-02T15:55:00Z","Interval":"5min","Figi":"BBG000BXRPH1"}
{"o":102.36,"c":102.27,"h":102.41,"l":102.21,"v":1295.0,"Time":"2020-12-02T15:55:00Z","Interval":"5min","Figi":"BBG000BXRPH1"}
{"o":102.36,"c":102.24,"h":102.41,"l":102.21,"v":1543.0,"Time":"2020-12-02T15:55:00Z","Interval":"5min","Figi":"BBG000BXRPH1"}
{"o":102.36,"c":102.19,"h":102.41,"l":102.19,"v":1643.0,"Time":"2020-12-02T15:55:00Z","Interval":"5min","Figi":"BBG000BXRPH1"}
{"o":102.36,"c":102.14,"h":102.41,"l":102.14,"v":1669.0,"Time":"2020-12-02T15:55:00Z","Interval":"5min","Figi":"BBG000BXRPH1"}
{"o":102.36,"c":102.22,"h":102.41,"l":102.14,"v":1769.0,"Time":"2020-12-02T15:55:00Z","Interval":"5min","Figi":"BBG000BXRPH1"}
{"o":102.36,"c":102.12,"h":102.41,"l":102.12,"v":1771.0,"Time":"2020-12-02T15:55:00Z","Interval":"5min","Figi":"BBG000BXRPH1"}
{"o":102.36,"c":102.06,"h":102.41,"l":102.06,"v":1871.0,"Time":"2020-12-02T15:55:00Z","Interval":"5min","Figi":"BBG000BXRPH1"}
{"o":102.36,"c":102.06,"h":102.41,"l":102.06,"v":1871.0,"Time":"2020-12-02T15:55:00Z","Interval":"5min","Figi":"BBG000BXRPH1"}
{"o":102.36,"c":102.05,"h":102.41,"l":102.05,"v":1873.0,"Time":"2020-12-02T15:55:00Z","Interval":"5min","Figi":"BBG000BXRPH1"}
{"o":102.36,"c":102.17,"h":102.41,"l":102.05,"v":2273.0,"Time":"2020-12-02T15:55:00Z","Interval":"5min","Figi":"BBG000BXRPH1"}
{"o":102.36,"c":102.17,"h":102.41,"l":102.05,"v":2373.0,"Time":"2020-12-02T15:55:00Z","Interval":"5min","Figi":"BBG000BXRPH1"}
{"o":102.36,"c":102.23,"h":102.41,"l":102.05,"v":2473.0,"Time":"2020-12-02T15:55:00Z","Interval":"5min","Figi":"BBG000BXRPH1"}
{"o":102.36,"c":102.21,"h":102.41,"l":102.05,"v":2475.0,"Time":"2020-12-02T15:55:00Z","Interval":"5min","Figi":"BBG000BXRPH1"}
{"o":102.36,"c":102.23,"h":102.41,"l":102.05,"v":2679.0,"Time":"2020-12-02T15:55:00Z","Interval":"5min","Figi":"BBG000BXRPH1"}
{"o":102.36,"c":102.31,"h":102.41,"l":102.05,"v":3097.0,"Time":"2020-12-02T15:55:00Z","Interval":"5min","Figi":"BBG000BXRPH1"}
{"o":102.36,"c":102.35,"h":102.41,"l":102.05,"v":3098.0,"Time":"2020-12-02T15:55:00Z","Interval":"5min","Figi":"BBG000BXRPH1"}
{"o":102.36,"c":102.4,"h":102.41,"l":102.05,"v":3198.0,"Time":"2020-12-02T15:55:00Z","Interval":"5min","Figi":"BBG000BXRPH1"}
{"o":102.36,"c":102.47,"h":102.47,"l":102.05,"v":3241.0,"Time":"2020-12-02T15:55:00Z","Interval":"5min","Figi":"BBG000BXRPH1"}
{"o":102.36,"c":102.47,"h":102.47,"l":102.05,"v":3242.0,"Time":"2020-12-02T15:55:00Z","Interval":"5min","Figi":"BBG000BXRPH1"}
{"o":102.36,"c":102.42,"h":102.47,"l":102.05,"v":3350.0,"Time":"2020-12-02T15:55:00Z","Interval":"5min","Figi":"BBG000BXRPH1"}
{"o":102.36,"c":102.42,"h":102.47,"l":102.05,"v":3410.0,"Time":"2020-12-02T15:55:00Z","Interval":"5min","Figi":"BBG000BXRPH1"}
{"o":102.36,"c":102.52,"h":102.52,"l":102.05,"v":3510.0,"Time":"2020-12-02T15:55:00Z","Interval":"5min","Figi":"BBG000BXRPH1"}
{"o":102.57,"c":102.57,"h":102.57,"l":102.57,"v":100.0,"Time":"2020-12-02T16:00:00Z","Interval":"5min","Figi":"BBG000BXRPH1"}
{"o":102.57,"c":102.59,"h":102.59,"l":102.57,"v":200.0,"Time":"2020-12-02T16:00:00Z","Interval":"5min","Figi":"BBG000BXRPH1"}
{"o":102.57,"c":102.56,"h":102.59,"l":102.56,"v":220.0,"Time":"2020-12-02T16:00:00Z","Interval":"5min","Figi":"BBG000BXRPH1"}
{"o":102.57,"c":102.64,"h":102.64,"l":102.56,"v":320.0,"Time":"2020-12-02T16:00:00Z","Interval":"5min","Figi":"BBG000BXRPH1"}
{"o":102.57,"c":102.66,"h":102.66,"l":102.56,"v":321.0,"Time":"2020-12-02T16:00:00Z","Interval":"5min","Figi":"BBG000BXRPH1"}
{"o":102.57,"c":102.61,"h":102.66,"l":102.56,"v":386.0,"Time":"2020-12-02T16:00:00Z","Interval":"5min","Figi":"BBG000BXRPH1"}
{"o":102.57,"c":102.6,"h":102.66,"l":102.56,"v":451.0,"Time":"2020-12-02T16:00:00Z","Interval":"5min","Figi":"BBG000BXRPH1"}
{"o":102.57,"c":102.58,"h":102.66,"l":102.56,"v":452.0,"Time":"2020-12-02T16:00:00Z","Interval":"5min","Figi":"BBG000BXRPH1"}
{"o":102.57,"c":102.56,"h":102.66,"l":102.56,"v":453.0,"Time":"2020-12-02T16:00:00Z","Interval":"5min","Figi":"BBG000BXRPH1"}
{"o":102.57,"c":102.53,"h":102.66,"l":102.53,"v":469.0,"Time":"2020-12-02T16:00:00Z","Interval":"5min","Figi":"BBG000BXRPH1"}
{"o":102.57,"c":102.46,"h":102.66,"l":102.46,"v":657.0,"Time":"2020-12-02T16:00:00Z","Interval":"5min","Figi":"BBG000BXRPH1"}
{"o":102.57,"c":102.47,"h":102.66,"l":102.46,"v":857.0,"Time":"2020-12-02T16:00:00Z","Interval":"5min","Figi":"BBG000BXRPH1"}
{"o":102.57,"c":102.47,"h":102.66,"l":102.46,"v":920.0,"Time":"2020-12-02T16:00:00Z","Interval":"5min","Figi":"BBG000BXRPH1"}
{"o":102.57,"c":102.46,"h":102.66,"l":102.46,"v":958.0,"Time":"2020-12-02T16:00:00Z","Interval":"5min","Figi":"BBG000BXRPH1"}
{"o":102.57,"c":102.46,"h":102.66,"l":102.46,"v":1020.0,"Time":"2020-12-02T16:00:00Z","Interval":"5min","Figi":"BBG000BXRPH1"}
{"o":102.57,"c":102.55,"h":102.66,"l":102.46,"v":1025.0,"Time":"2020-12-02T16:00:00Z","Interval":"5min","Figi":"BBG000BXRPH1"}
{"o":102.57,"c":102.55,"h":102.66,"l":102.46,"v":1030.0,"Time":"2020-12-02T16:00:00Z","Interval":"5min","Figi":"BBG000BXRPH1"}
{"o":102.57,"c":102.51,"h":102.66,"l":102.46,"v":1031.0,"Time":"2020-12-02T16:00:00Z","Interval":"5min","Figi":"BBG000BXRPH1"}
{"o":102.57,"c":102.53,"h":102.66,"l":102.46,"v":1034.0,"Time":"2020-12-02T16:00:00Z","Interval":"5min","Figi":"BBG000BXRPH1"}
{"o":102.57,"c":102.61,"h":102.66,"l":102.46,"v":1035.0,"Time":"2020-12-02T16:00:00Z","Interval":"5min","Figi":"BBG000BXRPH1"}
{"o":102.57,"c":102.55,"h":102.66,"l":102.46,"v":1114.0,"Time":"2020-12-02T16:00:00Z","Interval":"5min","Figi":"BBG000BXRPH1"}
{"o":102.57,"c":102.54,"h":102.66,"l":102.46,"v":1314.0,"Time":"2020-12-02T16:00:00Z","Interval":"5min","Figi":"BBG000BXRPH1"}
{"o":102.57,"c":102.52,"h":102.66,"l":102.46,"v":1514.0,"Time":"2020-12-02T16:00:00Z","Interval":"5min","Figi":"BBG000BXRPH1"}
{"o":102.57,"c":102.52,"h":102.66,"l":102.46,"v":1614.0,"Time":"2020-12-02T16:00:00Z","Interval":"5min","Figi":"BBG000BXRPH1"}
{"o":102.57,"c":102.52,"h":102.66,"l":102.46,"v":1624.0,"Time":"2020-12-02T16:00:00Z","Interval":"5min","Figi":"BBG000BXRPH1"}
{"o":102.57,"c":102.53,"h":102.66,"l":102.46,"v":1825.0,"Time":"2020-12-02T16:00:00Z","Interval":"5min","Figi":"BBG000BXRPH1"}
{"o":102.57,"c":102.43,"h":102.66,"l":102.43,"v":1925.0,"Time":"2020-12-02T16:00:00Z","Interval":"5min","Figi":"BBG000BXRPH1"}
{"o":102.57,"c":102.42,"h":102.66,"l":102.41,"v":1999.0,"Time":"2020-12-02T16:00:00Z","Interval":"5min","Figi":"BBG000BXRPH1"}
{"o":102.57,"c":102.36,"h":102.66,"l":102.36,"v":2020.0,"Time":"2020-12-02T16:00:00Z","Interval":"5min","Figi":"BBG000BXRPH1"}
{"o":102.57,"c":102.32,"h":102.66,"l":102.32,"v":2054.0,"Time":"2020-12-02T16:00:00Z","Interval":"5min","Figi":"BBG000BXRPH1"}
{"o":102.57,"c":102.32,"h":102.66,"l":102.32,"v":2066.0,"Time":"2020-12-02T16:00:00Z","Interval":"5min","Figi":"BBG000BXRPH1"}
{"o":102.57,"c":102.32,"h":102.66,"l":102.32,"v":2116.0,"Time":"2020-12-02T16:00:00Z","Interval":"5min","Figi":"BBG000BXRPH1"}
{"o":102.57,"c":102.33,"h":102.66,"l":102.32,"v":2128.0,"Time":"2020-12-02T16:00:00Z","Interval":"5min","Figi":"BBG000BXRPH1"}
{"o":102.57,"c":102.33,"h":102.66,"l":102.32,"v":2178.0,"Time":"2020-12-02T16:00:00Z","Interval":"5min","Figi":"BBG000BXRPH1"}
{"o":102.57,"c":102.41,"h":102.66,"l":102.32,"v":2228.0,"Time":"2020-12-02T16:00:00Z","Interval":"5min","Figi":"BBG000BXRPH1"}
{"o":102.57,"c":102.41,"h":102.66,"l":102.32,"v":2278.0,"Time":"2020-12-02T16:00:00Z","Interval":"5min","Figi":"BBG000BXRPH1"}
{"o":102.57,"c":102.41,"h":102.66,"l":102.32,"v":2378.0,"Time":"2020-12-02T16:00:00Z","Interval":"5min","Figi":"BBG000BXRPH1"}
{"o":102.57,"c":102.44,"h":102.66,"l":102.32,"v":2478.0,"Time":"2020-12-02T16:00:00Z","Interval":"5min","Figi":"BBG000BXRPH1"}
{"o":102.57,"c":102.42,"h":102.66,"l":102.32,"v":2500.0,"Time":"2020-12-02T16:00:00Z","Interval":"5min","Figi":"BBG000BXRPH1"}
{"o":102.57,"c":102.42,"h":102.66,"l":102.32,"v":2541.0,"Time":"2020-12-02T16:00:00Z","Interval":"5min","Figi":"BBG000BXRPH1"}
{"o":102.57,"c":102.4,"h":102.66,"l":102.32,"v":2542.0,"Time":"2020-12-02T16:00:00Z","Interval":"5min","Figi":"BBG000BXRPH1"}
{"o":102.57,"c":102.38,"h":102.66,"l":102.32,"v":2568.0,"Time":"2020-12-02T16:00:00Z","Interval":"5min","Figi":"BBG000BXRPH1"}
{"o":102.57,"c":102.38,"h":102.66,"l":102.32,"v":2593.0,"Time":"2020-12-02T16:00:00Z","Interval":"5min","Figi":"BBG000BXRPH1"}
{"o":102.57,"c":102.42,"h":102.66,"l":102.32,"v":2693.0,"Time":"2020-12-02T16:00:00Z","Interval":"5min","Figi":"BBG000BXRPH1"}
{"o":102.57,"c":102.47,"h":102.66,"l":102.32,"v":2894.0,"Time":"2020-12-02T16:00:00Z","Interval":"5min","Figi":"BBG000BXRPH1"}
{"o":102.57,"c":102.47,"h":102.66,"l":102.32,"v":2994.0,"Time":"2020-12-02T16:00:00Z","Interval":"5min","Figi":"BBG000BXRPH1"}
{"o":102.57,"c":102.42,"h":102.66,"l":102.32,"v":3001.0,"Time":"2020-12-02T16:00:00Z","Interval":"5min","Figi":"BBG000BXRPH1"}
{"o":102.57,"c":102.42,"h":102.66,"l":102.32,"v":3101.0,"Time":"2020-12-02T16:00:00Z","Interval":"5min","Figi":"BBG000BXRPH1"}
{"o":102.57,"c":102.39,"h":102.66,"l":102.32,"v":3109.0,"Time":"2020-12-02T16:00:00Z","Interval":"5min","Figi":"BBG000BXRPH1"}
{"o":102.57,"c":102.39,"h":102.66,"l":102.32,"v":3147.0,"Time":"2020-12-02T16:00:00Z","Interval":"5min","Figi":"BBG000BXRPH1"}
{"o":102.57,"c":102.45,"h":102.66,"l":102.32,"v":3447.0,"Time":"2020-12-02T16:00:00Z","Interval":"5min","Figi":"BBG000BXRPH1"}
{"o":102.57,"c":102.45,"h":102.66,"l":102.32,"v":3448.0,"Time":"2020-12-02T16:00:00Z","Interval":"5min","Figi":"BBG000BXRPH1"}
{"o":102.57,"c":102.45,"h":102.66,"l":102.32,"v":3648.0,"Time":"2020-12-02T16:00:00Z","Interval":"5min","Figi":"BBG000BXRPH1"}
{"o":102.57,"c":102.4,"h":102.66,"l":102.32,"v":3746.0,"Time":"2020-12-02T16:00:00Z","Interval":"5min","Figi":"BBG000BXRPH1"}
{"o":102.57,"c":102.47,"h":102.66,"l":102.32,"v":3777.0,"Time":"2020-12-02T16:00:00Z","Interval":"5min","Figi":"BBG000BXRPH1"}
{"o":102.57,"c":102.33,"h":102.66,"l":102.32,"v":3977.0,"Time":"2020-12-02T16:00:00Z","Interval":"5min","Figi":"BBG000BXRPH1"}
{"o":102.57,"c":102.32,"h":102.66,"l":102.32,"v":3983.0,"Time":"2020-12-02T16:00:00Z","Interval":"5min","Figi":"BBG000BXRPH1"}
{"o":102.57,"c":102.34,"h":102.66,"l":102.32,"v":4083.0,"Time":"2020-12-02T16:00:00Z","Interval":"5min","Figi":"BBG000BXRPH1"}
{"o":102.57,"c":102.27,"h":102.66,"l":102.27,"v":4483.0,"Time":"2020-12-02T16:00:00Z","Interval":"5min","Figi":"BBG000BXRPH1"}
{"o":102.57,"c":102.26,"h":102.66,"l":102.26,"v":4489.0,"Time":"2020-12-02T16:00:00Z","Interval":"5min","Figi":"BBG000BXRPH1"}
{"o":102.57,"c":102.3,"h":102.66,"l":102.26,"v":4526.0,"Time":"2020-12-02T16:00:00Z","Interval":"5min","Figi":"BBG000BXRPH1"}
{"o":102.57,"c":102.28,"h":102.66,"l":102.26,"v":4626.0,"Time":"2020-12-02T16:00:00Z","Interval":"5min","Figi":"BBG000BXRPH1"}
{"o":102.57,"c":102.22,"h":102.66,"l":102.22,"v":4746.0,"Time":"2020-12-02T16:00:00Z","Interval":"5min","Figi":"BBG000BXRPH1"}
{"o":102.57,"c":102.21,"h":102.66,"l":102.21,"v":4786.0,"Time":"2020-12-02T16:00:00Z","Interval":"5min","Figi":"BBG000BXRPH1"}
{"o":102.57,"c":102.15,"h":102.66,"l":102.15,"v":4886.0,"Time":"2020-12-02T16:00:00Z","Interval":"5min","Figi":"BBG000BXRPH1"}
{"o":102.57,"c":102.12,"h":102.66,"l":102.12,"v":4926.0,"Time":"2020-12-02T16:00:00Z","Interval":"5min","Figi":"BBG000BXRPH1"}
{"o":102.57,"c":102.16,"h":102.66,"l":102.12,"v":4928.0,"Time":"2020-12-02T16:00:00Z","Interval":"5min","Figi":"BBG000BXRPH1"}
{"o":102.57,"c":102.2,"h":102.66,"l":102.12,"v":5228.0,"Time":"2020-12-02T16:00:00Z","Interval":"5min","Figi":"BBG000BXRPH1"}
{"o":102.57,"c":102.2,"h":102.66,"l":102.12,"v":5328.0,"Time":"2020-12-02T16:00:00Z","Interval":"5min","Figi":"BBG000BXRPH1"}
{"o":102.57,"c":102.23,"h":102.66,"l":102.12,"v":5528.0,"Time":"2020-12-02T16:00:00Z","Interval":"5min","Figi":"BBG000BXRPH1"}
{"o":102.57,"c":102.24,"h":102.66,"l":102.12,"v":5928.0,"Time":"2020-12-02T16:00:00Z","Interval":"5min","Figi":"BBG000BXRPH1"}
{"o":102.57,"c":102.23,"h":102.66,"l":102.12,"v":6028.0,"Time":"2020-12-02T16:00:00Z","Interval":"5min","Figi":"BBG000BXRPH1"}
{"o":102.57,"c":102.19,"h":102.66,"l":102.12,"v":6128.0,"Time":"2020-12-02T16:00:00Z","Interval":"5min","Figi":"BBG000BXRPH1"}
{"o":102.57,"c":102.19,"h":102.66,"l":102.12,"v":6138.0,"Time":"2020-12-02T16:00:00Z","Interval":"5min","Figi":"BBG000BXRPH1"}
{"o":102.23,"c":102.24,"h":102.24,"l":102.23,"v":300.0,"Time":"2020-12-02T16:05:00Z","Interval":"5min","Figi":"BBG000BXRPH1"}
{"o":102.23,"c":102.24,"h":102.24,"l":102.23,"v":400.0,"Time":"2020-12-02T16:05:00Z","Interval":"5min","Figi":"BBG000BXRPH1"}
{"o":102.23,"c":102.25,"h":102.25,"l":102.23,"v":700.0,"Time":"2020-12-02T16:05:00Z","Interval":"5min","Figi":"BBG000BXRPH1"}
{"o":102.23,"c":102.31,"h":102.31,"l":102.23,"v":709.0,"Time":"2020-12-02T16:05:00Z","Interval":"5min","Figi":"BBG000BXRPH1"}
{"o":102.23,"c":102.3,"h":102.31,"l":102.23,"v":834.0,"Time":"2020-12-02T16:05:00Z","Interval":"5min","Figi":"BBG000BXRPH1"}
{"o":102.23,"c":102.37,"h":102.37,"l":102.23,"v":934.0,"Time":"2020-12-02T16:05:00Z","Interval":"5min","Figi":"BBG000BXRPH1"}
{"o":102.23,"c":102.36,"h":102.37,"l":102.23,"v":957.0,"Time":"2020-12-02T16:05:00Z","Interval":"5min","Figi":"BBG000BXRPH1"}
{"o":102.23,"c":102.36,"h":102.37,"l":102.23,"v":959.0,"Time":"2020-12-02T16:05:00Z","Interval":"5min","Figi":"BBG000BXRPH1"}
{"o":102.23,"c":102.36,"h":102.37,"l":102.23,"v":1234.0,"Time":"2020-12-02T16:05:00Z","Interval":"5min","Figi":"BBG000BXRPH1"}
{"o":102.23,"c":102.37,"h":102.37,"l":102.23,"v":1235.0,"Time":"2020-12-02T16:05:00Z","Interval":"5min","Figi":"BBG000BXRPH1"}
{"o":102.23,"c":102.34,"h":102.37,"l":102.23,"v":1635.0,"Time":"2020-12-02T16:05:00Z","Interval":"5min","Figi":"BBG000BXRPH1"}
{"o":102.23,"c":102.33,"h":102.37,"l":102.23,"v":1989.0,"Time":"2020-12-02T16:05:00Z","Interval":"5min","Figi":"BBG000BXRPH1"}
{"o":102.23,"c":102.34,"h":102.37,"l":102.23,"v":2089.0,"Time":"2020-12-02T16:05:00Z","Interval":"5min","Figi":"BBG000BXRPH1"}
{"o":102.23,"c":102.34,"h":102.37,"l":102.23,"v":2189.0,"Time":"2020-12-02T16:05:00Z","Interval":"5min","Figi":"BBG000BXRPH1"}
{"o":102.23,"c":102.34,"h":102.37,"l":102.23,"v":2191.0,"Time":"2020-12-02T16:05:00Z","Interval":"5min","Figi":"BBG000BXRPH1"}
{"o":102.23,"c":102.3,"h":102.37,"l":102.23,"v":2399.0,"Time":"2020-12-02T16:05:00Z","Interval":"5min","Figi":"BBG000BXRPH1"}
{"o":102.23,"c":102.34,"h":102.37,"l":102.23,"v":2499.0,"Time":"2020-12-02T16:05:00Z","Interval":"5min","Figi":"BBG000BXRPH1"}
{"o":102.23,"c":102.32,"h":102.37,"l":102.23,"v":2500.0,"Time":"2020-12-02T16:05:00Z","Interval":"5min","Figi":"BBG000BXRPH1"}
{"o":102.23,"c":102.33,"h":102.37,"l":102.23,"v":2600.0,"Time":"2020-12-02T16:05:00Z","Interval":"5min","Figi":"BBG000BXRPH1"}
{"o":102.23,"c":102.39,"h":102.39,"l":102.23,"v":2900.0,"Time":"2020-12-02T16:05:00Z","Interval":"5min","Figi":"BBG000BXRPH1"}
{"o":102.23,"c":102.4,"h":102.4,"l":102.23,"v":3400.0,"Time":"2020-12-02T16:05:00Z","Interval":"5min","Figi":"BBG000BXRPH1"}
{"o":102.23,"c":102.37,"h":102.4,"l":102.23,"v":3458.0,"Time":"2020-12-02T16:05:00Z","Interval":"5min","Figi":"BBG000BXRPH1"}
{"o":102.23,"c":102.35,"h":102.4,"l":102.23,"v":3578.0,"Time":"2020-12-02T16:05:00Z","Interval":"5min","Figi":"BBG000BXRPH1"}
{"o":102.23,"c":102.4,"h":102.4,"l":102.23,"v":3678.0,"Time":"2020-12-02T16:05:00Z","Interval":"5min","Figi":"BBG000BXRPH1"}
{"o":102.23,"c":102.4,"h":102.4,"l":102.23,"v":3710.0,"Time":"2020-12-02T16:05:00Z","Interval":"5min","Figi":"BBG000BXRPH1"}
{"o":102.23,"c":102.38,"h":102.4,"l":102.23,"v":3802.0,"Time":"2020-12-02T16:05:00Z","Interval":"5min","Figi":"BBG000BXRPH1"}
{"o":102.23,"c":102.4,"h":102.4,"l":102.23,"v":3902.0,"Time":"2020-12-02T16:05:00Z","Interval":"5min","Figi":"BBG000BXRPH1"}
{"o":102.23,"c":102.39,"h":102.4,"l":102.23,"v":4102.0,"Time":"2020-12-02T16:05:00Z","Interval":"5min","Figi":"BBG000BXRPH1"}
{"o":102.23,"c":102.4,"h":102.4,"l":102.23,"v":4302.0,"Time":"2020-12-02T16:05:00Z","Interval":"5min","Figi":"BBG000BXRPH1"}
{"o":102.23,"c":102.37,"h":102.4,"l":102.23,"v":4403.0,"Time":"2020-12-02T16:05:00Z","Interval":"5min","Figi":"BBG000BXRPH1"}
{"o":102.23,"c":102.35,"h":102.4,"l":102.23,"v":4503.0,"Time":"2020-12-02T16:05:00Z","Interval":"5min","Figi":"BBG000BXRPH1"}
{"o":102.23,"c":102.4,"h":102.4,"l":102.23,"v":4603.0,"Time":"2020-12-02T16:05:00Z","Interval":"5min","Figi":"BBG000BXRPH1"}
{"o":102.23,"c":102.4,"h":102.4,"l":102.23,"v":4628.0,"Time":"2020-12-02T16:05:00Z","Interval":"5min","Figi":"BBG000BXRPH1"}
{"o":102.23,"c":102.41,"h":102.41,"l":102.23,"v":4655.0,"Time":"2020-12-02T16:05:00Z","Interval":"5min","Figi":"BBG000BXRPH1"}
{"o":102.23,"c":102.41,"h":102.41,"l":102.23,"v":4829.0,"Time":"2020-12-02T16:05:00Z","Interval":"5min","Figi":"BBG000BXRPH1"}
{"o":102.23,"c":102.46,"h":102.46,"l":102.23,"v":5029.0,"Time":"2020-12-02T16:05:00Z","Interval":"5min","Figi":"BBG000BXRPH1"}
{"o":102.23,"c":102.48,"h":102.48,"l":102.23,"v":5229.0,"Time":"2020-12-02T16:05:00Z","Interval":"5min","Figi":"BBG000BXRPH1"}
{"o":102.23,"c":102.53,"h":102.53,"l":102.23,"v":5266.0,"Time":"2020-12-02T16:05:00Z","Interval":"5min","Figi":"BBG000BXRPH1"}
{"o":102.23,"c":102.49,"h":102.53,"l":102.23,"v":5366.0,"Time":"2020-12-02T16:05:00Z","Interval":"5min","Figi":"BBG000BXRPH1"}
{"o":102.23,"c":102.48,"h":102.53,"l":102.23,"v":5566.0,"Time":"2020-12-02T16:05:00Z","Interval":"5min","Figi":"BBG000BXRPH1"}
{"o":102.23,"c":102.49,"h":102.53,"l":102.23,"v":5666.0,"Time":"2020-12-02T16:05:00Z","Interval":"5min","Figi":"BBG000BXRPH1"}
{"o":102.23,"c":102.47,"h":102.53,"l":102.23,"v":5774.0,"Time":"2020-12-02T16:05:00Z","Interval":"5min","Figi":"BBG000BXRPH1"}
{"o":102.23,"c":102.45,"h":102.53,"l":102.23,"v":5807.0,"Time":"2020-12-02T16:05:00Z","Interval":"5min","Figi":"BBG000BXRPH1"}
{"o":102.23,"c":102.46,"h":102.53,"l":102.23,"v":5874.0,"Time":"2020-12-02T16:05:00Z","Interval":"5min","Figi":"BBG000BXRPH1"}
{"o":102.23,"c":102.4,"h":102.53,"l":102.23,"v":5875.0,"Time":"2020-12-02T16:05:00Z","Interval":"5min","Figi":"BBG000BXRPH1"}
{"o":102.23,"c":102.38,"h":102.53,"l":102.23,"v":6176.0,"Time":"2020-12-02T16:05:00Z","Interval":"5min","Figi":"BBG000BXRPH1"}
{"o":102.23,"c":102.43,"h":102.53,"l":102.23,"v":6177.0,"Time":"2020-12-02T16:05:00Z","Interval":"5min","Figi":"BBG000BXRPH1"}
{"o":102.23,"c":102.46,"h":102.53,"l":102.23,"v":6318.0,"Time":"2020-12-02T16:05:00Z","Interval":"5min","Figi":"BBG000BXRPH1"}
{"o":102.23,"c":102.46,"h":102.53,"l":102.23,"v":6510.0,"Time":"2020-12-02T16:05:00Z","Interval":"5min","Figi":"BBG000BXRPH1"}
{"o":102.23,"c":102.46,"h":102.53,"l":102.23,"v":6710.0,"Time":"2020-12-02T16:05:00Z","Interval":"5min","Figi":"BBG000BXRPH1"}
{"o":102.23,"c":102.49,"h":102.53,"l":102.23,"v":6817.0,"Time":"2020-12-02T16:05:00Z","Interval":"5min","Figi":"BBG000BXRPH1"}
{"o":102.23,"c":102.49,"h":102.53,"l":102.23,"v":6910.0,"Time":"2020-12-02T16:05:00Z","Interval":"5min","Figi":"BBG000BXRPH1"}
{"o":102.23,"c":102.49,"h":102.53,"l":102.23,"v":7010.0,"Time":"2020-12-02T16:05:00Z","Interval":"5min","Figi":"BBG000BXRPH1"}
{"o":102.23,"c":102.5,"h":102.53,"l":102.23,"v":7060.0,"Time":"2020-12-02T16:05:00Z","Interval":"5min","Figi":"BBG000BXRPH1"}
{"o":102.23,"c":102.47,"h":102.53,"l":102.23,"v":7098.0,"Time":"2020-12-02T16:05:00Z","Interval":"5min","Figi":"BBG000BXRPH1"}
{"o":102.23,"c":102.47,"h":102.53,"l":102.23,"v":7198.0,"Time":"2020-12-02T16:05:00Z","Interval":"5min","Figi":"BBG000BXRPH1"}
{"o":102.23,"c":102.48,"h":102.53,"l":102.23,"v":7398.0,"Time":"2020-12-02T16:05:00Z","Interval":"5min","Figi":"BBG000BXRPH1"}
{"o":102.23,"c":102.49,"h":102.53,"l":102.23,"v":7410.0,"Time":"2020-12-02T16:05:00Z","Interval":"5min","Figi":"BBG000BXRPH1"}
{"o":102.23,"c":102.49,"h":102.53,"l":102.23,"v":7463.0,"Time":"2020-12-02T16:05:00Z","Interval":"5min","Figi":"BBG000BXRPH1"}
{"o":102.23,"c":102.49,"h":102.53,"l":102.23,"v":7598.0,"Time":"2020-12-02T16:05:00Z","Interval":"5min","Figi":"BBG000BXRPH1"}
{"o":102.23,"c":102.49,"h":102.53,"l":102.23,"v":7643.0,"Time":"2020-12-02T16:05:00Z","Interval":"5min","Figi":"BBG000BXRPH1"}
{"o":102.23,"c":102.49,"h":102.53,"l":102.23,"v":7653.0,"Time":"2020-12-02T16:05:00Z","Interval":"5min","Figi":"BBG000BXRPH1"}
{"o":102.23,"c":102.46,"h":102.53,"l":102.23,"v":7754.0,"Time":"2020-12-02T16:05:00Z","Interval":"5min","Figi":"BBG000BXRPH1"}
{"o":102.23,"c":102.43,"h":102.53,"l":102.23,"v":7894.0,"Time":"2020-12-02T16:05:00Z","Interval":"5min","Figi":"BBG000BXRPH1"}
{"o":102.23,"c":102.43,"h":102.53,"l":102.23,"v":8134.0,"Time":"2020-12-02T16:05:00Z","Interval":"5min","Figi":"BBG000BXRPH1"}
{"o":102.23,"c":102.43,"h":102.53,"l":102.23,"v":8140.0,"Time":"2020-12-02T16:05:00Z","Interval":"5min","Figi":"BBG000BXRPH1"}
{"o":102.39,"c":102.39,"h":102.39,"l":102.39,"v":100.0,"Time":"2020-12-02T16:10:00Z","Interval":"5min","Figi":"BBG000BXRPH1"}
{"o":102.39,"c":102.39,"h":102.39,"l":102.39,"v":116.0,"Time":"2020-12-02T16:10:00Z","Interval":"5min","Figi":"BBG000BXRPH1"}
{"o":102.39,"c":102.39,"h":102.39,"l":102.39,"v":216.0,"Time":"2020-12-02T16:10:00Z","Interval":"5min","Figi":"BBG000BXRPH1"}
{"o":102.39,"c":102.4,"h":102.4,"l":102.39,"v":316.0,"Time":"2020-12-02T16:10:00Z","Interval":"5min","Figi":"BBG000BXRPH1"}
{"o":102.39,"c":102.4,"h":102.4,"l":102.39,"v":516.0,"Time":"2020-12-02T16:10:00Z","Interval":"5min","Figi":"BBG000BXRPH1"}
{"o":102.39,"c":102.4,"h":102.4,"l":102.39,"v":517.0,"Time":"2020-12-02T16:10:00Z","Interval":"5min","Figi":"BBG000BXRPH1"}
{"o":102.39,"c":102.39,"h":102.4,"l":102.39,"v":534.0,"Time":"2020-12-02T16:10:00Z","Interval":"5min","Figi":"BBG000BXRPH1"}
{"o":102.39,"c":102.39,"h":102.4,"l":102.39,"v":537.0,"Time":"2020-12-02T16:10:00Z","Interval":"5min","Figi":"BBG000BXRPH1"}
{"o":102.39,"c":102.41,"h":102.41,"l":102.39,"v":737.0,"Time":"2020-12-02T16:10:00Z","Interval":"5min","Figi":"BBG000BXRPH1"}
{"o":102.39,"c":102.58,"h":102.58,"l":102.39,"v":777.0,"Time":"2020-12-02T16:10:00Z","Interval":"5min","Figi":"BBG000BXRPH1"}
{"o":102.39,"c":102.54,"h":102.58,"l":102.39,"v":1179.0,"Time":"2020-12-02T16:10:00Z","Interval":"5min","Figi":"BBG000BXRPH1"}
{"o":102.39,"c":102.52,"h":102.58,"l":102.39,"v":1279.0,"Time":"2020-12-02T16:10:00Z","Interval":"5min","Figi":"BBG000BXRPH1"}
{"o":102.39,"c":102.46,"h":102.58,"l":102.39,"v":1280.0,"Time":"2020-12-02T16:10:00Z","Interval":"5min","Figi":"BBG000BXRPH1"}
{"o":102.39,"c":102.54,"h":102.58,"l":102.39,"v":1281.0,"Time":"2020-12-02T16:10:00Z","Interval":"5min","Figi":"BBG000BXRPH1"}
{"o":102.39,"c":102.52,"h":102.58,"l":102.39,"v":1282.0,"Time":"2020-12-02T16:10:00Z","Interval":"5min","Figi":"BBG000BXRPH1"}
{"o":102.39,"c":102.47,"h":102.58,"l":102.39,"v":1301.0,"Time":"2020-12-02T16:10:00Z","Interval":"5min","Figi":"BBG000BXRPH1"}
{"o":102.39,"c":102.46,"h":102.58,"l":102.39,"v":1401.0,"Time":"2020-12-02T16:10:00Z","Interval":"5min","Figi":"BBG000BXRPH1"}
{"o":102.39,"c":102.46,"h":102.58,"l":102.39,"v":1541.0,"Time":"2020-12-02T16:10:00Z","Interval":"5min","Figi":"BBG000BXRPH1"}
{"o":102.39,"c":102.43,"h":102.58,"l":102.39,"v":1691.0,"Time":"2020-12-02T16:10:00Z","Interval":"5min","Figi":"BBG000BXRPH1"}
{"o":102.39,"c":102.48,"h":102.58,"l":102.39,"v":1791.0,"Time":"2020-12-02T16:10:00Z","Interval":"5min","Figi":"BBG000BXRPH1"}
{"o":102.39,"c":102.59,"h":102.59,"l":102.39,"v":1794.0,"Time":"2020-12-02T16:10:00Z","Interval":"5min","Figi":"BBG000BXRPH1"}
{"o":102.39,"c":102.65,"h":102.65,"l":102.39,"v":1894.0,"Time":"2020-12-02T16:10:00Z","Interval":"5min","Figi":"BBG000BXRPH1"}
{"o":102.39,"c":102.7,"h":102.7,"l":102.39,"v":1963.0,"Time":"2020-12-02T16:10:00Z","Interval":"5min","Figi":"BBG000BXRPH1"}
{"o":102.39,"c":102.72,"h":102.72,"l":102.39,"v":1974.0,"Time":"2020-12-02T16:10:00Z","Interval":"5min","Figi":"BBG000BXRPH1"}
{"o":102.39,"c":102.68,"h":102.72,"l":102.39,"v":1975.0,"Time":"2020-12-02T16:10:00Z","Interval":"5min","Figi":"BBG000BXRPH1"}
{"o":102.39,"c":102.68,"h":102.72,"l":102.39,"v":2075.0,"Time":"2020-12-02T16:10:00Z","Interval":"5min","Figi":"BBG000BXRPH1"}
{"o":102.39,"c":102.65,"h":102.72,"l":102.39,"v":2175.0,"Time":"2020-12-02T16:10:00Z","Interval":"5min","Figi":"BBG000BXRPH1"}
{"o":102.39,"c":102.63,"h":102.72,"l":102.39,"v":2225.0,"Time":"2020-12-02T16:10:00Z","Interval":"5min","Figi":"BBG000BXRPH1"}
{"o":102.39,"c":102.63,"h":102.72,"l":102.39,"v":2275.0,"Time":"2020-12-02T16:10:00Z","Interval":"5min","Figi":"BBG000BXRPH1"}
{"o":102.59,"c":102.59,"h":102.59,"l":102.59,"v":11.0,"Time":"2020-12-02T16:15:00Z","Interval":"5min","Figi":"BBG000BXRPH1"}
{"o":102.59,"c":102.68,"h":102.68,"l":102.59,"v":111.0,"Time":"2020-12-02T16:15:00Z","Interval":"5min","Figi":"BBG000BXRPH1"}
{"o":102.59,"c":102.63,"h":102.68,"l":102.59,"v":211.0,"Time":"2020-12-02T16:15:00Z","Interval":"5min","Figi":"BBG000BXRPH1"}
{"o":102.59,"c":102.6,"h":102.68,"l":102.59,"v":212.0,"Time":"2020-12-02T16:15:00Z","Interval":"5min","Figi":"BBG000BXRPH1"}
{"o":102.59,"c":102.6,"h":102.68,"l":102.59,"v":213.0,"Time":"2020-12-02T16:15:00Z","Interval":"5min","Figi":"BBG000BXRPH1"}
{"o":102.59,"c":102.64,"h":102.68,"l":102.59,"v":413.0,"Time":"2020-12-02T16:15:00Z","Interval":"5min","Figi":"BBG000BXRPH1"}
{"o":102.59,"c":102.64,"h":102.68,"l":102.59,"v":513.0,"Time":"2020-12-02T16:15:00Z","Interval":"5min","Figi":"BBG000BXRPH1"}
{"o":102.59,"c":102.71,"h":102.71,"l":102.59,"v":613.0,"Time":"2020-12-02T16:15:00Z","Interval":"5min","Figi":"BBG000BXRPH1"}
{"o":102.59,"c":102.74,"h":102.74,"l":102.59,"v":621.0,"Time":"2020-12-02T16:15:00Z","Interval":"5min","Figi":"BBG000BXRPH1"}
{"o":102.59,"c":102.74,"h":102.74,"l":102.59,"v":752.0,"Time":"2020-12-02T16:15:00Z","Interval":"5min","Figi":"BBG000BXRPH1"}
{"o":102.59,"c":102.72,"h":102.74,"l":102.59,"v":852.0,"Time":"2020-12-02T16:15:00Z","Interval":"5min","Figi":"BBG000BXRPH1"}
{"o":102.59,"c":102.71,"h":102.74,"l":102.59,"v":952.0,"Time":"2020-12-02T16:15:00Z","Interval":"5min","Figi":"BBG000BXRPH1"}
{"o":102.59,"c":102.69,"h":102.74,"l":102.59,"v":957.0,"Time":"2020-12-02T16:15:00Z","Interval":"5min","Figi":"BBG000BXRPH1"}
{"o":102.59,"c":102.72,"h":102.74,"l":102.59,"v":1082.0,"Time":"2020-12-02T16:15:00Z","Interval":"5min","Figi":"BBG000BXRPH1"}
{"o":102.59,"c":102.8,"h":102.8,"l":102.59,"v":1122.0,"Time":"2020-12-02T16:15:00Z","Interval":"5min","Figi":"BBG000BXRPH1"}
{"o":102.59,"c":102.79,"h":102.8,"l":102.59,"v":1142.0,"Time":"2020-12-02T16:15:00Z","Interval":"5min","Figi":"BBG000BXRPH1"}
{"o":102.59,"c":102.8,"h":102.8,"l":102.59,"v":1342.0,"Time":"2020-12-02T16:15:00Z","Interval":"5min","Figi":"BBG000BXRPH1"}
{"o":102.59,"c":102.8,"h":102.8,"l":102.59,"v":1343.0,"Time":"2020-12-02T16:15:00Z","Interval":"5min","Figi":"BBG000BXRPH1"}
{"o":102.59,"c":102.77,"h":102.8,"l":102.59,"v":1443.0,"Time":"2020-12-02T16:15:00Z","Interval":"5min","Figi":"BBG000BXRPH1"}
{"o":102.59,"c":102.85,"h":102.85,"l":102.59,"v":1508.0,"Time":"2020-12-02T16:15:00Z","Interval":"5min","Figi":"BBG000BXRPH1"}
{"o":102.59,"c":102.96,"h":102.96,"l":102.59,"v":1509.0,"Time":"2020-12-02T16:15:00Z","Interval":"5min","Figi":"BBG000BXRPH1"}
{"o":102.59,"c":102.96,"h":102.96,"l":102.59,"v":1510.0,"Time":"2020-12-02T16:15:00Z","Interval":"5min","Figi":"BBG000BXRPH1"}
{"o":102.59,"c":102.93,"h":102.96,"l":102.59,"v":1511.0,"Time":"2020-12-02T16:15:00Z","Interval":"5min","Figi":"BBG000BXRPH1"}
{"o":102.59,"c":102.89,"h":102.96,"l":102.59,"v":1772.0,"Time":"2020-12-02T16:15:00Z","Interval":"5min","Figi":"BBG000BXRPH1"}
{"o":102.59,"c":102.89,"h":102.96,"l":102.59,"v":1819.0,"Time":"2020-12-02T16:15:00Z","Interval":"5min","Figi":"BBG000BXRPH1"}
{"o":102.59,"c":102.82,"h":102.96,"l":102.59,"v":1940.0,"Time":"2020-12-02T16:15:00Z","Interval":"5min","Figi":"BBG000BXRPH1"}
{"o":102.59,"c":102.79,"h":102.96,"l":102.59,"v":2140.0,"Time":"2020-12-02T16:15:00Z","Interval":"5min","Figi":"BBG000BXRPH1"}
{"o":102.59,"c":102.78,"h":102.96,"l":102.59,"v":2249.0,"Time":"2020-12-02T16:15:00Z","Interval":"5min","Figi":"BBG000BXRPH1"}
{"o":102.59,"c":102.8,"h":102.96,"l":102.59,"v":2260.0,"Time":"2020-12-02T16:15:00Z","Interval":"5min","Figi":"BBG000BXRPH1"}
{"o":102.83,"c":102.83,"h":102.83,"l":102.83,"v":49.0,"Time":"2020-12-02T16:20:00Z","Interval":"5min","Figi":"BBG000BXRPH1"}
{"o":102.83,"c":102.91,"h":102.91,"l":102.83,"v":282.0,"Time":"2020-12-02T16:20:00Z","Interval":"5min","Figi":"BBG000BXRPH1"}
{"o":102.83,"c":103.02,"h":103.02,"l":102.83,"v":547.0,"Time":"2020-12-02T16:20:00Z","Interval":"5min","Figi":"BBG000BXRPH1"}
{"o":102.83,"c":103.03,"h":103.03,"l":102.83,"v":577.0,"Time":"2020-12-02T16:20:00Z","Interval":"5min","Figi":"BBG000BXRPH1"}
{"o":102.83,"c":102.97,"h":103.03,"l":102.83,"v":578.0,"Time":"2020-12-02T16:20:00Z","Interval":"5min","Figi":"BBG000BXRPH1"}
{"o":102.83,"c":102.97,"h":103.03,"l":102.83,"v":579.0,"Time":"2020-12-02T16:20:00Z","Interval":"5min","Figi":"BBG000BXRPH1"}
{"o":102.83,"c":102.92,"h":103.03,"l":102.83,"v":779.0,"Time":"2020-12-02T16:20:00Z","Interval":"5min","Figi":"BBG000BXRPH1"}
{"o":102.83,"c":102.96,"h":103.03,"l":102.83,"v":848.0,"Time":"2020-12-02T16:20:00Z","Interval":"5min","Figi":"BBG000BXRPH1"}
{"o":102.83,"c":102.97,"h":103.03,"l":102.83,"v":888.0,"Time":"2020-12-02T16:20:00Z","Interval":"5min","Figi":"BBG000BXRPH1"}
{"o":102.83,"c":102.92,"h":103.03,"l":102.83,"v":1088.0,"Time":"2020-12-02T16:20:00Z","Interval":"5min","Figi":"BBG000BXRPH1"}
{"o":102.83,"c":102.88,"h":103.03,"l":102.83,"v":1188.0,"Time":"2020-12-02T16:20:00Z","Interval":"5min","Figi":"BBG000BXRPH1"}
{"o":102.83,"c":102.98,"h":103.03,"l":102.83,"v":1189.0,"Time":"2020-12-02T16:20:00Z","Interval":"5min","Figi":"BBG000BXRPH1"}
{"o":102.83,"c":103.05,"h":103.05,"l":102.83,"v":1190.0,"Time":"2020-12-02T16:20:00Z","Interval":"5min","Figi":"BBG000BXRPH1"}
{"o":102.83,"c":102.95,"h":103.05,"l":102.83,"v":1297.0,"Time":"2020-12-02T16:20:00Z","Interval":"5min","Figi":"BBG000BXRPH1"}
{"o":103.0,"c":103.0,"h":103.0,"l":103.0,"v":4.0,"Time":"2020-12-02T16:25:00Z","Interval":"5min","Figi":"BBG000BXRPH1"}
{"o":103.0,"c":103.18,"h":103.18,"l":103.0,"v":353.0,"Time":"2020-12-02T16:25:00Z","Interval":"5min","Figi":"BBG000BXRPH1"}
{"o":103.0,"c":103.18,"h":103.18,"l":103.0,"v":453.0,"Time":"2020-12-02T16:25:00Z","Interval":"5min","Figi":"BBG000BXRPH1"}
{"o":103.0,"c":103.18,"h":103.18,"l":103.0,"v":473.0,"Time":"2020-12-02T16:25:00Z","Interval":"5min","Figi":"BBG000BXRPH1"}
{"o":103.0,"c":103.13,"h":103.18,"l":103.0,"v":573.0,"Time":"2020-12-02T16:25:00Z","Interval":"5min","Figi":"BBG000BXRPH1"}
{"o":103.0,"c":103.12,"h":103.18,"l":103.0,"v":673.0,"Time":"2020-12-02T16:25:00Z","Interval":"5min","Figi":"BBG000BXRPH1"}
{"o":103.0,"c":103.19,"h":103.19,"l":103.0,"v":842.0,"Time":"2020-12-02T16:25:00Z","Interval":"5min","Figi":"BBG000BXRPH1"}
{"o":103.0,"c":103.2,"h":103.2,"l":103.0,"v":1159.0,"Time":"2020-12-02T16:25:00Z","Interval":"5min","Figi":"BBG000BXRPH1"}
{"o":103.0,"c":103.19,"h":103.2,"l":103.0,"v":1762.0,"Time":"2020-12-02T16:25:00Z","Interval":"5min","Figi":"BBG000BXRPH1"}
{"o":103.0,"c":103.22,"h":103.22,"l":103.0,"v":1781.0,"Time":"2020-12-02T16:25:00Z","Interval":"5min","Figi":"BBG000BXRPH1"}
{"o":103.0,"c":103.23,"h":103.23,"l":103.0,"v":1823.0,"Time":"2020-12-02T16:25:00Z","Interval":"5min","Figi":"BBG000BXRPH1"}
{"o":103.0,"c":103.29,"h":103.29,"l":103.0,"v":1923.0,"Time":"2020-12-02T16:25:00Z","Interval":"5min","Figi":"BBG000BXRPH1"}
{"o":103.0,"c":103.25,"h":103.29,"l":103.0,"v":1924.0,"Time":"2020-12-02T16:25:00Z","Interval":"5min","Figi":"BBG000BXRPH1"}
{"o":103.0,"c":103.2,"h":103.29,"l":103.0,"v":2024.0,"Time":"2020-12-02T16:25:00Z","Interval":"5min","Figi":"BBG000BXRPH1"}
{"o":103.0,"c":103.16,"h":103.29,"l":103.0,"v":2030.0,"Time":"2020-12-02T16:25:00Z","Interval":"5min","Figi":"BBG000BXRPH1"}
{"o":103.0,"c":103.11,"h":103.29,"l":103.0,"v":2031.0,"Time":"2020-12-02T16:25:00Z","Interval":"5min","Figi":"BBG000BXRPH1"}
{"o":103.0,"c":103.11,"h":103.29,"l":103.0,"v":2032.0,"Time":"2020-12-02T16:25:00Z","Interval":"5min","Figi":"BBG000BXRPH1"}
{"o":103.0,"c":103.14,"h":103.29,"l":103.0,"v":2036.0,"Time":"2020-12-02T16:25:00Z","Interval":"5min","Figi":"BBG000BXRPH1"}
{"o":103.0,"c":103.31,"h":103.31,"l":103.0,"v":2067.0,"Time":"2020-12-02T16:25:00Z","Interval":"5min","Figi":"BBG000BXRPH1"}
{"o":103.0,"c":103.3,"h":103.31,"l":103.0,"v":2068.0,"Time":"2020-12-02T16:25:00Z","Interval":"5min","Figi":"BBG000BXRPH1"}
{"o":103.0,"c":103.29,"h":103.31,"l":103.0,"v":2088.0,"Time":"2020-12-02T16:25:00Z","Interval":"5min","Figi":"BBG000BXRPH1"}
{"o":103.0,"c":103.35,"h":103.35,"l":103.0,"v":2089.0,"Time":"2020-12-02T16:25:00Z","Interval":"5min","Figi":"BBG000BXRPH1"}
{"o":103.0,"c":103.28,"h":103.35,"l":103.0,"v":2256.0,"Time":"2020-12-02T16:25:00Z","Interval":"5min","Figi":"BBG000BXRPH1"}
{"o":103.23,"c":103.23,"h":103.23,"l":103.23,"v":200.0,"Time":"2020-12-02T16:30:00Z","Interval":"5min","Figi":"BBG000BXRPH1"}
{"o":103.23,"c":103.18,"h":103.23,"l":103.18,"v":400.0,"Time":"2020-12-02T16:30:00Z","Interval":"5min","Figi":"BBG000BXRPH1"}
{"o":103.23,"c":103.22,"h":103.23,"l":103.18,"v":511.0,"Time":"2020-12-02T16:30:00Z","Interval":"5min","Figi":"BBG000BXRPH1"}
{"o":103.23,"c":103.13,"h":103.23,"l":103.13,"v":611.0,"Time":"2020-12-02T16:30:00Z","Interval":"5min","Figi":"BBG000BXRPH1"}
{"o":103.23,"c":103.13,"h":103.23,"l":103.13,"v":711.0,"Time":"2020-12-02T16:30:00Z","Interval":"5min","Figi":"BBG000BXRPH1"}
{"o":103.23,"c":103.08,"h":103.23,"l":103.08,"v":737.0,"Time":"2020-12-02T16:30:00Z","Interval":"5min","Figi":"BBG000BXRPH1"}
{"o":103.23,"c":103.1,"h":103.23,"l":103.08,"v":740.0,"Time":"2020-12-02T16:30:00Z","Interval":"5min","Figi":"BBG000BXRPH1"}
{"o":103.23,"c":103.08,"h":103.23,"l":103.08,"v":756.0,"Time":"2020-12-02T16:30:00Z","Interval":"5min","Figi":"BBG000BXRPH1"}
{"o":103.23,"c":103.07,"h":103.23,"l":103.07,"v":819.0,"Time":"2020-12-02T16:30:00Z","Interval":"5min","Figi":"BBG000BXRPH1"}
{"o":103.23,"c":103.08,"h":103.23,"l":103.07,"v":1239.0,"Time":"2020-12-02T16:30:00Z","Interval":"5min","Figi":"BBG000BXRPH1"}
{"o":103.23,"c":103.1,"h":103.23,"l":103.07,"v":1539.0,"Time":"2020-12-02T16:30:00Z","Interval":"5min","Figi":"BBG000BXRPH1"}
{"o":103.23,"c":103.13,"h":103.23,"l":103.07,"v":1647.0,"Time":"2020-12-02T16:30:00Z","Interval":"5min","Figi":"BBG000BXRPH1"}
{"o":103.23,"c":103.1,"h":103.23,"l":103.07,"v":1900.0,"Time":"2020-12-02T16:30:00Z","Interval":"5min","Figi":"BBG000BXRPH1"}
{"o":103.23,"c":103.17,"h":103.23,"l":103.07,"v":1904.0,"Time":"2020-12-02T16:30:00Z","Interval":"5min","Figi":"BBG000BXRPH1"}
{"o":103.23,"c":103.1,"h":103.23,"l":103.07,"v":1910.0,"Time":"2020-12-02T16:30:00Z","Interval":"5min","Figi":"BBG000BXRPH1"}
{"o":103.23,"c":103.1,"h":103.23,"l":103.07,"v":2010.0,"Time":"2020-12-02T16:30:00Z","Interval":"5min","Figi":"BBG000BXRPH1"}
{"o":103.23,"c":103.11,"h":103.23,"l":103.07,"v":2085.0,"Time":"2020-12-02T16:30:00Z","Interval":"5min","Figi":"BBG000BXRPH1"}
{"o":103.23,"c":103.22,"h":103.23,"l":103.07,"v":2086.0,"Time":"2020-12-02T16:30:00Z","Interval":"5min","Figi":"BBG000BXRPH1"}
{"o":103.23,"c":103.28,"h":103.28,"l":103.07,"v":2105.0,"Time":"2020-12-02T16:30:00Z","Interval":"5min","Figi":"BBG000BXRPH1"}
{"o":103.23,"c":103.28,"h":103.28,"l":103.07,"v":2186.0,"Time":"2020-12-02T16:30:00Z","Interval":"5min","Figi":"BBG000BXRPH1"}
{"o":103.23,"c":103.21,"h":103.28,"l":103.07,"v":2188.0,"Time":"2020-12-02T16:30:00Z","Interval":"5min","Figi":"BBG000BXRPH1"}
{"o":103.23,"c":103.3,"h":103.32,"l":103.07,"v":2219.0,"Time":"2020-12-02T16:30:00Z","Interval":"5min","Figi":"BBG000BXRPH1"}
{"o":103.23,"c":103.29,"h":103.32,"l":103.07,"v":2220.0,"Time":"2020-12-02T16:30:00Z","Interval":"5min","Figi":"BBG000BXRPH1"}
{"o":103.23,"c":103.26,"h":103.32,"l":103.07,"v":2320.0,"Time":"2020-12-02T16:30:00Z","Interval":"5min","Figi":"BBG000BXRPH1"}
{"o":103.23,"c":103.24,"h":103.32,"l":103.07,"v":2421.0,"Time":"2020-12-02T16:30:00Z","Interval":"5min","Figi":"BBG000BXRPH1"}
{"o":103.23,"c":103.21,"h":103.32,"l":103.07,"v":2446.0,"Time":"2020-12-02T16:30:00Z","Interval":"5min","Figi":"BBG000BXRPH1"}
{"o":103.23,"c":103.2,"h":103.32,"l":103.07,"v":2546.0,"Time":"2020-12-02T16:30:00Z","Interval":"5min","Figi":"BBG000BXRPH1"}
{"o":103.23,"c":103.16,"h":103.32,"l":103.07,"v":2646.0,"Time":"2020-12-02T16:30:00Z","Interval":"5min","Figi":"BBG000BXRPH1"}
{"o":103.23,"c":103.16,"h":103.32,"l":103.07,"v":2954.0,"Time":"2020-12-02T16:30:00Z","Interval":"5min","Figi":"BBG000BXRPH1"}
{"o":103.23,"c":103.16,"h":103.32,"l":103.07,"v":2974.0,"Time":"2020-12-02T16:30:00Z","Interval":"5min","Figi":"BBG000BXRPH1"}
{"o":103.23,"c":103.16,"h":103.32,"l":103.07,"v":2994.0,"Time":"2020-12-02T16:30:00Z","Interval":"5min","Figi":"BBG000BXRPH1"}
{"o":103.23,"c":103.15,"h":103.32,"l":103.07,"v":3034.0,"Time":"2020-12-02T16:30:00Z","Interval":"5min","Figi":"BBG000BXRPH1"}
{"o":103.23,"c":103.15,"h":103.32,"l":103.07,"v":3094.0,"Time":"2020-12-02T16:30:00Z","Interval":"5min","Figi":"BBG000BXRPH1"}
{"o":103.23,"c":103.15,"h":103.32,"l":103.07,"v":3114.0,"Time":"2020-12-02T16:30:00Z","Interval":"5min","Figi":"BBG000BXRPH1"}
{"o":103.23,"c":103.1,"h":103.32,"l":103.07,"v":3214.0,"Time":"2020-12-02T16:30:00Z","Interval":"5min","Figi":"BBG000BXRPH1"}
{"o":103.23,"c":103.2,"h":103.32,"l":103.07,"v":3215.0,"Time":"2020-12-02T16:30:00Z","Interval":"5min","Figi":"BBG000BXRPH1"}
{"o":103.23,"c":103.14,"h":103.32,"l":103.07,"v":3258.0,"Time":"2020-12-02T16:30:00Z","Interval":"5min","Figi":"BBG000BXRPH1"}
{"o":103.23,"c":103.21,"h":103.32,"l":103.07,"v":3259.0,"Time":"2020-12-02T16:30:00Z","Interval":"5min","Figi":"BBG000BXRPH1"}
{"o":103.23,"c":103.15,"h":103.32,"l":103.07,"v":3359.0,"Time":"2020-12-02T16:30:00Z","Interval":"5min","Figi":"BBG000BXRPH1"}
{"o":103.23,"c":103.14,"h":103.32,"l":103.07,"v":3694.0,"Time":"2020-12-02T16:30:00Z","Interval":"5min","Figi":"BBG000BXRPH1"}
{"o":103.31,"c":103.31,"h":103.31,"l":103.31,"v":19.0,"Time":"2020-12-02T16:35:00Z","Interval":"5min","Figi":"BBG000BXRPH1"}
{"o":103.31,"c":103.31,"h":103.31,"l":103.31,"v":200.0,"Time":"2020-12-02T16:35:00Z","Interval":"5min","Figi":"BBG000BXRPH1"}
{"o":103.31,"c":103.31,"h":103.31,"l":103.31,"v":212.0,"Time":"2020-12-02T16:35:00Z","Interval":"5min","Figi":"BBG000BXRPH1"}
{"o":103.31,"c":103.31,"h":103.31,"l":103.31,"v":300.0,"Time":"2020-12-02T16:35:00Z","Interval":"5min","Figi":"BBG000BXRPH1"}
{"o":103.31,"c":103.37,"h":103.37,"l":103.31,"v":301.0,"Time":"2020-12-02T16:35:00Z","Interval":"5min","Figi":"BBG000BXRPH1"}
{"o":103.31,"c":103.32,"h":103.37,"l":103.31,"v":422.0,"Time":"2020-12-02T16:35:00Z","Interval":"5min","Figi":"BBG000BXRPH1"}
{"o":103.31,"c":103.32,"h":103.37,"l":103.31,"v":501.0,"Time":"2020-12-02T16:35:00Z","Interval":"5min","Figi":"BBG000BXRPH1"}
{"o":103.31,"c":103.28,"h":103.37,"l":103.28,"v":621.0,"Time":"2020-12-02T16:35:00Z","Interval":"5min","Figi":"BBG000BXRPH1"}
{"o":103.31,"c":103.3,"h":103.37,"l":103.27,"v":819.0,"Time":"2020-12-02T16:35:00Z","Interval":"5min","Figi":"BBG000BXRPH1"}
{"o":103.31,"c":103.26,"h":103.37,"l":103.26,"v":831.0,"Time":"2020-12-02T16:35:00Z","Interval":"5min","Figi":"BBG000BXRPH1"}
{"o":103.31,"c":103.24,"h":103.37,"l":103.24,"v":919.0,"Time":"2020-12-02T16:35:00Z","Interval":"5min","Figi":"BBG000BXRPH1"}
{"o":103.31,"c":103.2,"h":103.37,"l":103.2,"v":930.0,"Time":"2020-12-02T16:35:00Z","Interval":"5min","Figi":"BBG000BXRPH1"}
{"o":103.31,"c":103.2,"h":103.37,"l":103.2,"v":952.0,"Time":"2020-12-02T16:35:00Z","Interval":"5min","Figi":"BBG000BXRPH1"}
{"o":103.31,"c":103.2,"h":103.37,"l":103.2,"v":1119.0,"Time":"2020-12-02T16:35:00Z","Interval":"5min","Figi":"BBG000BXRPH1"}
{"o":103.31,"c":103.28,"h":103.37,"l":103.2,"v":1122.0,"Time":"2020-12-02T16:35:00Z","Interval":"5min","Figi":"BBG000BXRPH1"}
{"o":103.31,"c":103.28,"h":103.37,"l":103.2,"v":1219.0,"Time":"2020-12-02T16:35:00Z","Interval":"5min","Figi":"BBG000BXRPH1"}
{"o":103.31,"c":103.32,"h":103.37,"l":103.2,"v":1221.0,"Time":"2020-12-02T16:35:00Z","Interval":"5min","Figi":"BBG000BXRPH1"}
{"o":103.31,"c":103.32,"h":103.37,"l":103.2,"v":1231.0,"Time":"2020-12-02T16:35:00Z","Interval":"5min","Figi":"BBG000BXRPH1"}
{"o":103.31,"c":103.41,"h":103.41,"l":103.2,"v":1234.0,"Time":"2020-12-02T16:35:00Z","Interval":"5min","Figi":"BBG000BXRPH1"}
{"o":103.31,"c":103.43,"h":103.43,"l":103.2,"v":1334.0,"Time":"2020-12-02T16:35:00Z","Interval":"5min","Figi":"BBG000BXRPH1"}
{"o":103.31,"c":103.43,"h":103.43,"l":103.2,"v":1434.0,"Time":"2020-12-02T16:35:00Z","Interval":"5min","Figi":"BBG000BXRPH1"}
{"o":103.31,"c":103.46,"h":103.46,"l":103.2,"v":1443.0,"Time":"2020-12-02T16:35:00Z","Interval":"5min","Figi":"BBG000BXRPH1"}
{"o":103.31,"c":103.46,"h":103.46,"l":103.2,"v":1448.0,"Time":"2020-12-02T16:35:00Z","Interval":"5min","Figi":"BBG000BXRPH1"}
{"o":103.31,"c":103.46,"h":103.46,"l":103.2,"v":1449.0,"Time":"2020-12-02T16:35:00Z","Interval":"5min","Figi":"BBG000BXRPH1"}
{"o":103.31,"c":103.57,"h":103.57,"l":103.2,"v":1522.0,"Time":"2020-12-02T16:35:00Z","Interval":"5min","Figi":"BBG000BXRPH1"}
{"o":103.31,"c":103.57,"h":103.57,"l":103.2,"v":1552.0,"Time":"2020-12-02T16:35:00Z","Interval":"5min","Figi":"BBG000BXRPH1"}
{"o":103.31,"c":103.57,"h":103.57,"l":103.2,"v":1622.0,"Time":"2020-12-02T16:35:00Z","Interval":"5min","Figi":"BBG000BXRPH1"}
{"o":103.31,"c":103.58,"h":103.58,"l":103.2,"v":1655.0,"Time":"2020-12-02T16:35:00Z","Interval":"5min","Figi":"BBG000BXRPH1"}
{"o":103.31,"c":103.5,"h":103.58,"l":103.2,"v":1863.0,"Time":"2020-12-02T16:35:00Z","Interval":"5min","Figi":"BBG000BXRPH1"}
{"o":103.31,"c":103.59,"h":103.59,"l":103.2,"v":2003.0,"Time":"2020-12-02T16:35:00Z","Interval":"5min","Figi":"BBG000BXRPH1"}
{"o":103.31,"c":103.6,"h":103.6,"l":103.2,"v":2251.0,"Time":"2020-12-02T16:35:00Z","Interval":"5min","Figi":"BBG000BXRPH1"}
{"o":103.31,"c":103.63,"h":103.63,"l":103.2,"v":2252.0,"Time":"2020-12-02T16:35:00Z","Interval":"5min","Figi":"BBG000BXRPH1"}
{"o":103.7,"c":103.73,"h":103.73,"l":103.7,"v":334.0,"Time":"2020-12-02T16:40:00Z","Interval":"5min","Figi":"BBG000BXRPH1"}
{"o":103.7,"c":103.78,"h":103.78,"l":103.7,"v":391.0,"Time":"2020-12-02T16:40:00Z","Interval":"5min","Figi":"BBG000BXRPH1"}
{"o":103.7,"c":103.72,"h":103.78,"l":103.7,"v":392.0,"Time":"2020-12-02T16:40:00Z","Interval":"5min","Figi":"BBG000BXRPH1"}
{"o":103.7,"c":103.68,"h":103.78,"l":103.68,"v":401.0,"Time":"2020-12-02T16:40:00Z","Interval":"5min","Figi":"BBG000BXRPH1"}
{"o":103.7,"c":103.67,"h":103.78,"l":103.67,"v":501.0,"Time":"2020-12-02T16:40:00Z","Interval":"5min","Figi":"BBG000BXRPH1"}
{"o":103.7,"c":103.65,"h":103.78,"l":103.65,"v":503.0,"Time":"2020-12-02T16:40:00Z","Interval":"5min","Figi":"BBG000BXRPH1"}
{"o":103.7,"c":103.58,"h":103.78,"l":103.58,"v":504.0,"Time":"2020-12-02T16:40:00Z","Interval":"5min","Figi":"BBG000BXRPH1"}
{"o":103.7,"c":103.62,"h":103.78,"l":103.58,"v":525.0,"Time":"2020-12-02T16:40:00Z","Interval":"5min","Figi":"BBG000BXRPH1"}
{"o":103.7,"c":103.62,"h":103.78,"l":103.58,"v":684.0,"Time":"2020-12-02T16:40:00Z","Interval":"5min","Figi":"BBG000BXRPH1"}
{"o":103.7,"c":103.59,"h":103.78,"l":103.58,"v":725.0,"Time":"2020-12-02T16:40:00Z","Interval":"5min","Figi":"BBG000BXRPH1"}
{"o":103.7,"c":103.59,"h":103.78,"l":103.58,"v":784.0,"Time":"2020-12-02T16:40:00Z","Interval":"5min","Figi":"BBG000BXRPH1"}
{"o":103.7,"c":103.57,"h":103.78,"l":103.57,"v":796.0,"Time":"2020-12-02T16:40:00Z","Interval":"5min","Figi":"BBG000BXRPH1"}
{"o":103.7,"c":103.57,"h":103.78,"l":103.57,"v":1084.0,"Time":"2020-12-02T16:40:00Z","Interval":"5min","Figi":"BBG000BXRPH1"}
{"o":103.7,"c":103.58,"h":103.78,"l":103.55,"v":1303.0,"Time":"2020-12-02T16:40:00Z","Interval":"5min","Figi":"BBG000BXRPH1"}
{"o":103.7,"c":103.55,"h":103.78,"l":103.55,"v":1603.0,"Time":"2020-12-02T16:40:00Z","Interval":"5min","Figi":"BBG000BXRPH1"}
{"o":103.7,"c":103.57,"h":103.78,"l":103.55,"v":1806.0,"Time":"2020-12-02T16:40:00Z","Interval":"5min","Figi":"BBG000BXRPH1"}
{"o":103.7,"c":103.59,"h":103.78,"l":103.55,"v":2206.0,"Time":"2020-12-02T16:40:00Z","Interval":"5min","Figi":"BBG000BXRPH1"}
{"o":103.7,"c":103.56,"h":103.78,"l":103.55,"v":2406.0,"Time":"2020-12-02T16:40:00Z","Interval":"5min","Figi":"BBG000BXRPH1"}
{"o":103.7,"c":103.55,"h":103.78,"l":103.55,"v":2606.0,"Time":"2020-12-02T16:40:00Z","Interval":"5min","Figi":"BBG000BXRPH1"}
{"o":103.7,"c":103.55,"h":103.78,"l":103.55,"v":3384.0,"Time":"2020-12-02T16:40:00Z","Interval":"5min","Figi":"BBG000BXRPH1"}
{"o":103.7,"c":103.55,"h":103.78,"l":103.55,"v":3720.0,"Time":"2020-12-02T16:40:00Z","Interval":"5min","Figi":"BBG000BXRPH1"}
{"o":103.7,"c":103.55,"h":103.78,"l":103.55,"v":4223.0,"Time":"2020-12-02T16:40:00Z","Interval":"5min","Figi":"BBG000BXRPH1"}
{"o":103.7,"c":103.55,"h":103.78,"l":103.55,"v":4721.0,"Time":"2020-12-02T16:40:00Z","Interval":"5min","Figi":"BBG000BXRPH1"}
{"o":103.7,"c":103.56,"h":103.78,"l":103.55,"v":5012.0,"Time":"2020-12-02T16:40:00Z","Interval":"5min","Figi":"BBG000BXRPH1"}
{"o":103.7,"c":103.55,"h":103.78,"l":103.55,"v":5412.0,"Time":"2020-12-02T16:40:00Z","Interval":"5min","Figi":"BBG000BXRPH1"}
{"o":103.7,"c":103.55,"h":103.78,"l":103.55,"v":5766.0,"Time":"2020-12-02T16:40:00Z","Interval":"5min","Figi":"BBG000BXRPH1"}
{"o":103.7,"c":103.55,"h":103.78,"l":103.55,"v":6012.0,"Time":"2020-12-02T16:40:00Z","Interval":"5min","Figi":"BBG000BXRPH1"}
{"o":103.7,"c":103.55,"h":103.78,"l":103.55,"v":6212.0,"Time":"2020-12-02T16:40:00Z","Interval":"5min","Figi":"BBG000BXRPH1"}
{"o":103.7,"c":103.55,"h":103.78,"l":103.55,"v":6348.0,"Time":"2020-12-02T16:40:00Z","Interval":"5min","Figi":"BBG000BXRPH1"}
{"o":103.7,"c":103.55,"h":103.78,"l":103.55,"v":6398.0,"Time":"2020-12-02T16:40:00Z","Interval":"5min","Figi":"BBG000BXRPH1"}
{"o":103.7,"c":103.55,"h":103.78,"l":103.55,"v":6548.0,"Time":"2020-12-02T16:40:00Z","Interval":"5min","Figi":"BBG000BXRPH1"}
{"o":103.7,"c":103.55,"h":103.78,"l":103.55,"v":6570.0,"Time":"2020-12-02T16:40:00Z","Interval":"5min","Figi":"BBG000BXRPH1"}
{"o":103.7,"c":103.55,"h":103.78,"l":103.55,"v":6670.0,"Time":"2020-12-02T16:40:00Z","Interval":"5min","Figi":"BBG000BXRPH1"}
{"o":103.7,"c":103.61,"h":103.78,"l":103.55,"v":6833.0,"Time":"2020-12-02T16:40:00Z","Interval":"5min","Figi":"BBG000BXRPH1"}
{"o":103.7,"c":103.64,"h":103.78,"l":103.55,"v":6933.0,"Time":"2020-12-02T16:40:00Z","Interval":"5min","Figi":"BBG000BXRPH1"}
{"o":103.7,"c":103.55,"h":103.78,"l":103.55,"v":7483.0,"Time":"2020-12-02T16:40:00Z","Interval":"5min","Figi":"BBG000BXRPH1"}
{"o":103.7,"c":103.55,"h":103.78,"l":103.55,"v":8515.0,"Time":"2020-12-02T16:40:00Z","Interval":"5min","Figi":"BBG000BXRPH1"}
{"o":103.7,"c":103.55,"h":103.78,"l":103.55,"v":8615.0,"Time":"2020-12-02T16:40:00Z","Interval":"5min","Figi":"BBG000BXRPH1"}
{"o":103.7,"c":103.6,"h":103.78,"l":103.55,"v":8715.0,"Time":"2020-12-02T16:40:00Z","Interval":"5min","Figi":"BBG000BXRPH1"}
{"o":103.7,"c":103.62,"h":103.78,"l":103.55,"v":8716.0,"Time":"2020-12-02T16:40:00Z","Interval":"5min","Figi":"BBG000BXRPH1"}
{"o":103.7,"c":103.64,"h":103.78,"l":103.55,"v":8814.0,"Time":"2020-12-02T16:40:00Z","Interval":"5min","Figi":"BBG000BXRPH1"}
{"o":103.7,"c":103.55,"h":103.78,"l":103.55,"v":8914.0,"Time":"2020-12-02T16:40:00Z","Interval":"5min","Figi":"BBG000BXRPH1"}
{"o":103.7,"c":103.55,"h":103.78,"l":103.55,"v":9839.0,"Time":"2020-12-02T16:40:00Z","Interval":"5min","Figi":"BBG000BXRPH1"}
{"o":103.7,"c":103.55,"h":103.78,"l":103.53,"v":10671.0,"Time":"2020-12-02T16:40:00Z","Interval":"5min","Figi":"BBG000BXRPH1"}
{"o":103.7,"c":103.56,"h":103.78,"l":103.53,"v":10781.0,"Time":"2020-12-02T16:40:00Z","Interval":"5min","Figi":"BBG000BXRPH1"}
{"o":103.7,"c":103.55,"h":103.78,"l":103.53,"v":10881.0,"Time":"2020-12-02T16:40:00Z","Interval":"5min","Figi":"BBG000BXRPH1"}
{"o":103.7,"c":103.55,"h":103.78,"l":103.53,"v":11001.0,"Time":"2020-12-02T16:40:00Z","Interval":"5min","Figi":"BBG000BXRPH1"}
{"o":103.7,"c":103.55,"h":103.78,"l":103.53,"v":11201.0,"Time":"2020-12-02T16:40:00Z","Interval":"5min","Figi":"BBG000BXRPH1"}
{"o":103.7,"c":103.55,"h":103.78,"l":103.53,"v":11701.0,"Time":"2020-12-02T16:40:00Z","Interval":"5min","Figi":"BBG000BXRPH1"}
{"o":103.7,"c":103.56,"h":103.78,"l":103.53,"v":12421.0,"Time":"2020-12-02T16:40:00Z","Interval":"5min","Figi":"BBG000BXRPH1"}
{"o":103.7,"c":103.55,"h":103.78,"l":103.53,"v":12823.0,"Time":"2020-12-02T16:40:00Z","Interval":"5min","Figi":"BBG000BXRPH1"}
{"o":103.7,"c":103.55,"h":103.78,"l":103.53,"v":13333.0,"Time":"2020-12-02T16:40:00Z","Interval":"5min","Figi":"BBG000BXRPH1"}
{"o":103.7,"c":103.55,"h":103.78,"l":103.53,"v":14054.0,"Time":"2020-12-02T16:40:00Z","Interval":"5min","Figi":"BBG000BXRPH1"}
{"o":103.7,"c":103.55,"h":103.78,"l":103.53,"v":14230.0,"Time":"2020-12-02T16:40:00Z","Interval":"5min","Figi":"BBG000BXRPH1"}
{"o":103.7,"c":103.55,"h":103.78,"l":103.53,"v":14330.0,"Time":"2020-12-02T16:40:00Z","Interval":"5min","Figi":"BBG000BXRPH1"}
{"o":103.7,"c":103.55,"h":103.78,"l":103.53,"v":14342.0,"Time":"2020-12-02T16:40:00Z","Interval":"5min","Figi":"BBG000BXRPH1"}
{"o":103.7,"c":103.55,"h":103.78,"l":103.53,"v":14823.0,"Time":"2020-12-02T16:40:00Z","Interval":"5min","Figi":"BBG000BXRPH1"}
{"o":103.7,"c":103.55,"h":103.78,"l":103.53,"v":15161.0,"Time":"2020-12-02T16:40:00Z","Interval":"5min","Figi":"BBG000BXRPH1"}
{"o":103.7,"c":103.55,"h":103.78,"l":103.53,"v":15461.0,"Time":"2020-12-02T16:40:00Z","Interval":"5min","Figi":"BBG000BXRPH1"}
{"o":103.7,"c":103.55,"h":103.78,"l":103.53,"v":15761.0,"Time":"2020-12-02T16:40:00Z","Interval":"5min","Figi":"BBG000BXRPH1"}
{"o":103.7,"c":103.55,"h":103.78,"l":103.53,"v":15861.0,"Time":"2020-12-02T16:40:00Z","Interval":"5min","Figi":"BBG000BXRPH1"}
{"o":103.7,"c":103.56,"h":103.78,"l":103.53,"v":15961.0,"Time":"2020-12-02T16:40:00Z","Interval":"5min","Figi":"BBG000BXRPH1"}
{"o":103.7,"c":103.56,"h":103.78,"l":103.53,"v":15971.0,"Time":"2020-12-02T16:40:00Z","Interval":"5min","Figi":"BBG000BXRPH1"}
{"o":103.7,"c":103.61,"h":103.78,"l":103.53,"v":16171.0,"Time":"2020-12-02T16:40:00Z","Interval":"5min","Figi":"BBG000BXRPH1"}
{"o":103.7,"c":103.61,"h":103.78,"l":103.53,"v":16271.0,"Time":"2020-12-02T16:40:00Z","Interval":"5min","Figi":"BBG000BXRPH1"}
{"o":103.7,"c":103.61,"h":103.78,"l":103.53,"v":16371.0,"Time":"2020-12-02T16:40:00Z","Interval":"5min","Figi":"BBG000BXRPH1"}
{"o":103.7,"c":103.56,"h":103.78,"l":103.53,"v":16472.0,"Time":"2020-12-02T16:40:00Z","Interval":"5min","Figi":"BBG000BXRPH1"}
{"o":103.7,"c":103.56,"h":103.78,"l":103.53,"v":17572.0,"Time":"2020-12-02T16:40:00Z","Interval":"5min","Figi":"BBG000BXRPH1"}
{"o":103.7,"c":103.55,"h":103.78,"l":103.53,"v":17672.0,"Time":"2020-12-02T16:40:00Z","Interval":"5min","Figi":"BBG000BXRPH1"}
{"o":103.7,"c":103.55,"h":103.78,"l":103.53,"v":18212.0,"Time":"2020-12-02T16:40:00Z","Interval":"5min","Figi":"BBG000BXRPH1"}
{"o":103.7,"c":103.55,"h":103.78,"l":103.53,"v":18312.0,"Time":"2020-12-02T16:40:00Z","Interval":"5min","Figi":"BBG000BXRPH1"}
{"o":103.7,"c":103.56,"h":103.78,"l":103.53,"v":18412.0,"Time":"2020-12-02T16:40:00Z","Interval":"5min","Figi":"BBG000BXRPH1"}
{"o":103.7,"c":103.62,"h":103.78,"l":103.53,"v":18538.0,"Time":"2020-12-02T16:40:00Z","Interval":"5min","Figi":"BBG000BXRPH1"}
{"o":103.7,"c":103.62,"h":103.78,"l":103.53,"v":18612.0,"Time":"2020-12-02T16:40:00Z","Interval":"5min","Figi":"BBG000BXRPH1"}
{"o":103.7,"c":103.62,"h":103.78,"l":103.53,"v":18682.0,"Time":"2020-12-02T16:40:00Z","Interval":"5min","Figi":"BBG000BXRPH1"}
{"o":103.7,"c":103.62,"h":103.78,"l":103.53,"v":18782.0,"Time":"2020-12-02T16:40:00Z","Interval":"5min","Figi":"BBG000BXRPH1"}
{"o":103.7,"c":103.58,"h":103.78,"l":103.53,"v":18857.0,"Time":"2020-12-02T16:40:00Z","Interval":"5min","Figi":"BBG000BXRPH1"}
{"o":103.7,"c":103.56,"h":103.78,"l":103.53,"v":19307.0,"Time":"2020-12-02T16:40:00Z","Interval":"5min","Figi":"BBG000BXRPH1"}
{"o":103.7,"c":103.56,"h":103.78,"l":103.53,"v":19907.0,"Time":"2020-12-02T16:40:00Z","Interval":"5min","Figi":"BBG000BXRPH1"}
{"o":103.7,"c":103.55,"h":103.78,"l":103.53,"v":20297.0,"Time":"2020-12-02T16:40:00Z","Interval":"5min","Figi":"BBG000BXRPH1"}
{"o":103.7,"c":103.55,"h":103.78,"l":103.53,"v":20497.0,"Time":"2020-12-02T16:40:00Z","Interval":"5min","Figi":"BBG000BXRPH1"}
{"o":103.7,"c":103.55,"h":103.78,"l":103.53,"v":21097.0,"Time":"2020-12-02T16:40:00Z","Interval":"5min","Figi":"BBG000BXRPH1"}
{"o":103.7,"c":103.56,"h":103.78,"l":103.53,"v":21517.0,"Time":"2020-12-02T16:40:00Z","Interval":"5min","Figi":"BBG000BXRPH1"}
{"o":103.7,"c":103.55,"h":103.78,"l":103.53,"v":22017.0,"Time":"2020-12-02T16:40:00Z","Interval":"5min","Figi":"BBG000BXRPH1"}
{"o":103.7,"c":103.55,"h":103.78,"l":103.53,"v":22117.0,"Time":"2020-12-02T16:40:00Z","Interval":"5min","Figi":"BBG000BXRPH1"}
{"o":103.7,"c":103.55,"h":103.78,"l":103.53,"v":22217.0,"Time":"2020-12-02T16:40:00Z","Interval":"5min","Figi":"BBG000BXRPH1"}
{"o":103.7,"c":103.55,"h":103.78,"l":103.53,"v":22817.0,"Time":"2020-12-02T16:40:00Z","Interval":"5min","Figi":"BBG000BXRPH1"}
{"o":103.7,"c":103.55,"h":103.78,"l":103.53,"v":23017.0,"Time":"2020-12-02T16:40:00Z","Interval":"5min","Figi":"BBG000BXRPH1"}
{"o":103.7,"c":103.55,"h":103.78,"l":103.53,"v":23117.0,"Time":"2020-12-02T16:40:00Z","Interval":"5min","Figi":"BBG000BXRPH1"}
{"o":103.7,"c":103.55,"h":103.78,"l":103.53,"v":23217.0,"Time":"2020-12-02T16:40:00Z","Interval":"5min","Figi":"BBG000BXRPH1"}
{"o":103.7,"c":103.55,"h":103.78,"l":103.53,"v":23517.0,"Time":"2020-12-02T16:40:00Z","Interval":"5min","Figi":"BBG000BXRPH1"}
{"o":103.7,"c":103.55,"h":103.78,"l":103.53,"v":23917.0,"Time":"2020-12-02T16:40:00Z","Interval":"5min","Figi":"BBG000BXRPH1"}
{"o":103.7,"c":103.55,"h":103.78,"l":103.53,"v":25617.0,"Time":"2020-12-02T16:40:00Z","Interval":"5min","Figi":"BBG000BXRPH1"}
{"o":103.7,"c":103.54,"h":103.78,"l":103.53,"v":25817.0,"Time":"2020-12-02T16:40:00Z","Interval":"5min","Figi":"BBG000BXRPH1"}
{"o":103.7,"c":103.56,"h":103.78,"l":103.53,"v":25821.0,"Time":"2020-12-02T16:40:00Z","Interval":"5min","Figi":"BBG000BXRPH1"}
{"o":103.7,"c":103.57,"h":103.78,"l":103.53,"v":25941.0,"Time":"2020-12-02T16:40:00Z","Interval":"5min","Figi":"BBG000BXRPH1"}
{"o":103.7,"c":103.63,"h":103.78,"l":103.53,"v":26041.0,"Time":"2020-12-02T16:40:00Z","Interval":"5min","Figi":"BBG000BXRPH1"}
{"o":103.7,"c":103.57,"h":103.78,"l":103.53,"v":26042.0,"Time":"2020-12-02T16:40:00Z","Interval":"5min","Figi":"BBG000BXRPH1"}
{"o":103.7,"c":103.58,"h":103.78,"l":103.53,"v":26142.0,"Time":"2020-12-02T16:40:00Z","Interval":"5min","Figi":"BBG000BXRPH1"}
{"o":103.7,"c":103.58,"h":103.78,"l":103.53,"v":26342.0,"Time":"2020-12-02T16:40:00Z","Interval":"5min","Figi":"BBG000BXRPH1"}
{"o":103.7,"c":103.61,"h":103.78,"l":103.53,"v":26542.0,"Time":"2020-12-02T16:40:00Z","Interval":"5min","Figi":"BBG000BXRPH1"}
{"o":103.6,"c":103.58,"h":103.6,"l":103.58,"v":99.0,"Time":"2020-12-02T16:45:00Z","Interval":"5min","Figi":"BBG000BXRPH1"}
{"o":103.6,"c":103.65,"h":103.65,"l":103.58,"v":130.0,"Time":"2020-12-02T16:45:00Z","Interval":"5min","Figi":"BBG000BXRPH1"}
{"o":103.6,"c":103.69,"h":103.69,"l":103.58,"v":153.0,"Time":"2020-12-02T16:45:00Z","Interval":"5min","Figi":"BBG000BXRPH1"}
{"o":103.6,"c":103.71,"h":103.71,"l":103.58,"v":451.0,"Time":"2020-12-02T16:45:00Z","Interval":"5min","Figi":"BBG000BXRPH1"}
{"o":103.6,"c":103.76,"h":103.76,"l":103.58,"v":466.0,"Time":"2020-12-02T16:45:00Z","Interval":"5min","Figi":"BBG000BXRPH1"}
{"o":103.6,"c":103.72,"h":103.76,"l":103.58,"v":467.0,"Time":"2020-12-02T16:45:00Z","Interval":"5min","Figi":"BBG000BXRPH1"}
{"o":103.6,"c":103.74,"h":103.76,"l":103.58,"v":476.0,"Time":"2020-12-02T16:45:00Z","Interval":"5min","Figi":"BBG000BXRPH1"}
{"o":103.6,"c":103.74,"h":103.76,"l":103.58,"v":667.0,"Time":"2020-12-02T16:45:00Z","Interval":"5min","Figi":"BBG000BXRPH1"}
{"o":103.6,"c":103.8,"h":103.8,"l":103.58,"v":909.0,"Time":"2020-12-02T16:45:00Z","Interval":"5min","Figi":"BBG000BXRPH1"}
{"o":103.6,"c":103.84,"h":103.84,"l":103.58,"v":1029.0,"Time":"2020-12-02T16:45:00Z","Interval":"5min","Figi":"BBG000BXRPH1"}
{"o":103.6,"c":103.84,"h":103.84,"l":103.58,"v":1109.0,"Time":"2020-12-02T16:45:00Z","Interval":"5min","Figi":"BBG000BXRPH1"}
{"o":103.6,"c":103.81,"h":103.84,"l":103.58,"v":1209.0,"Time":"2020-12-02T16:45:00Z","Interval":"5min","Figi":"BBG000BXRPH1"}
{"o":103.6,"c":103.81,"h":103.84,"l":103.58,"v":1210.0,"Time":"2020-12-02T16:45:00Z","Interval":"5min","Figi":"BBG000BXRPH1"}
{"o":103.6,"c":103.84,"h":103.84,"l":103.58,"v":1284.0,"Time":"2020-12-02T16:45:00Z","Interval":"5min","Figi":"BBG000BXRPH1"}
{"o":103.6,"c":103.84,"h":103.84,"l":103.58,"v":1410.0,"Time":"2020-12-02T16:45:00Z","Interval":"5min","Figi":"BBG000BXRPH1"}
{"o":103.6,"c":103.79,"h":103.84,"l":103.58,"v":1505.0,"Time":"2020-12-02T16:45:00Z","Interval":"5min","Figi":"BBG000BXRPH1"}
{"o":103.6,"c":103.78,"h":103.84,"l":103.58,"v":1619.0,"Time":"2020-12-02T16:45:00Z","Interval":"5min","Figi":"BBG000BXRPH1"}
{"o":103.6,"c":103.76,"h":103.84,"l":103.58,"v":1819.0,"Time":"2020-12-02T16:45:00Z","Interval":"5min","Figi":"BBG000BXRPH1"}
{"o":103.6,"c":103.82,"h":103.84,"l":103.58,"v":1822.0,"Time":"2020-12-02T16:45:00Z","Interval":"5min","Figi":"BBG000BXRPH1"}
{"o":103.6,"c":103.84,"h":103.84,"l":103.58,"v":2022.0,"Time":"2020-12-02T16:45:00Z","Interval":"5min","Figi":"BBG000BXRPH1"}
{"o":103.6,"c":103.88,"h":103.88,"l":103.58,"v":2137.0,"Time":"2020-12-02T16:45:00Z","Interval":"5min","Figi":"BBG000BXRPH1"}
{"o":103.6,"c":103.85,"h":103.88,"l":103.58,"v":2237.0,"Time":"2020-12-02T16:45:00Z","Interval":"5min","Figi":"BBG000BXRPH1"}
{"o":103.6,"c":103.89,"h":103.89,"l":103.58,"v":2337.0,"Time":"2020-12-02T16:45:00Z","Interval":"5min","Figi":"BBG000BXRPH1"}
{"o":103.6,"c":103.85,"h":103.89,"l":103.58,"v":2638.0,"Time":"2020-12-02T16:45:00Z","Interval":"5min","Figi":"BBG000BXRPH1"}
{"o":103.6,"c":104.0,"h":104.0,"l":103.58,"v":2639.0,"Time":"2020-12-02T16:45:00Z","Interval":"5min","Figi":"BBG000BXRPH1"}
{"o":103.6,"c":104.0,"h":104.0,"l":103.58,"v":2672.0,"Time":"2020-12-02T16:45:00Z","Interval":"5min","Figi":"BBG000BXRPH1"}
{"o":103.6,"c":104.11,"h":104.11,"l":103.58,"v":2679.0,"Time":"2020-12-02T16:45:00Z","Interval":"5min","Figi":"BBG000BXRPH1"}
{"o":103.6,"c":104.16,"h":104.16,"l":103.58,"v":2707.0,"Time":"2020-12-02T16:45:00Z","Interval":"5min","Figi":"BBG000BXRPH1"}
{"o":103.6,"c":104.12,"h":104.16,"l":103.58,"v":2708.0,"Time":"2020-12-02T16:45:00Z","Interval":"5min","Figi":"BBG000BXRPH1"}
{"o":103.6,"c":104.14,"h":104.16,"l":103.58,"v":2780.0,"Time":"2020-12-02T16:45:00Z","Interval":"5min","Figi":"BBG000BXRPH1"}
{"o":103.6,"c":104.09,"h":104.16,"l":103.58,"v":3088.0,"Time":"2020-12-02T16:45:00Z","Interval":"5min","Figi":"BBG000BXRPH1"}
{"o":104.09,"c":104.09,"h":104.09,"l":104.09,"v":80.0,"Time":"2020-12-02T16:50:00Z","Interval":"5min","Figi":"BBG000BXRPH1"}
{"o":104.09,"c":104.0,"h":104.09,"l":104.0,"v":188.0,"Time":"2020-12-02T16:50:00Z","Interval":"5min","Figi":"BBG000BXRPH1"}
{"o":104.09,"c":104.01,"h":104.09,"l":104.0,"v":288.0,"Time":"2020-12-02T16:50:00Z","Interval":"5min","Figi":"BBG000BXRPH1"}
{"o":104.09,"c":104.04,"h":104.09,"l":104.0,"v":489.0,"Time":"2020-12-02T16:50:00Z","Interval":"5min","Figi":"BBG000BXRPH1"}
{"o":104.09,"c":104.01,"h":104.09,"l":104.0,"v":615.0,"Time":"2020-12-02T16:50:00Z","Interval":"5min","Figi":"BBG000BXRPH1"}
{"o":104.09,"c":104.05,"h":104.09,"l":104.0,"v":625.0,"Time":"2020-12-02T16:50:00Z","Interval":"5min","Figi":"BBG000BXRPH1"}
{"o":104.09,"c":104.06,"h":104.09,"l":104.0,"v":626.0,"Time":"2020-12-02T16:50:00Z","Interval":"5min","Figi":"BBG000BXRPH1"}
{"o":104.09,"c":104.1,"h":104.1,"l":104.0,"v":649.0,"Time":"2020-12-02T16:50:00Z","Interval":"5min","Figi":"BBG000BXRPH1"}
{"o":104.09,"c":104.06,"h":104.1,"l":104.0,"v":654.0,"Time":"2020-12-02T16:50:00Z","Interval":"5min","Figi":"BBG000BXRPH1"}
{"o":104.09,"c":104.18,"h":104.18,"l":104.0,"v":692.0,"Time":"2020-12-02T16:50:00Z","Interval":"5min","Figi":"BBG000BXRPH1"}
{"o":104.09,"c":104.1,"h":104.18,"l":104.0,"v":966.0,"Time":"2020-12-02T16:50:00Z","Interval":"5min","Figi":"BBG000BXRPH1"}
{"o":104.09,"c":104.0,"h":104.18,"l":104.0,"v":993.0,"Time":"2020-12-02T16:50:00Z","Interval":"5min","Figi":"BBG000BXRPH1"}
{"o":104.09,"c":104.07,"h":104.18,"l":104.0,"v":994.0,"Time":"2020-12-02T16:50:00Z","Interval":"5min","Figi":"BBG000BXRPH1"}
{"o":104.09,"c":104.15,"h":104.18,"l":104.0,"v":1001.0,"Time":"2020-12-02T16:50:00Z","Interval":"5min","Figi":"BBG000BXRPH1"}
{"o":104.09,"c":104.15,"h":104.18,"l":104.0,"v":1044.0,"Time":"2020-12-02T16:50:00Z","Interval":"5min","Figi":"BBG000BXRPH1"}
{"o":104.09,"c":104.2,"h":104.2,"l":104.0,"v":1092.0,"Time":"2020-12-02T16:50:00Z","Interval":"5min","Figi":"BBG000BXRPH1"}
{"o":104.09,"c":104.2,"h":104.2,"l":104.0,"v":1094.0,"Time":"2020-12-02T16:50:00Z","Interval":"5min","Figi":"BBG000BXRPH1"}
{"o":104.09,"c":104.22,"h":104.22,"l":104.0,"v":1095.0,"Time":"2020-12-02T16:50:00Z","Interval":"5min","Figi":"BBG000BXRPH1"}
{"o":104.22,"c":104.18,"h":104.22,"l":104.18,"v":106.0,"Time":"2020-12-02T16:55:00Z","Interval":"5min","Figi":"BBG000BXRPH1"}
{"o":104.22,"c":104.21,"h":104.22,"l":104.18,"v":146.0,"Time":"2020-12-02T16:55:00Z","Interval":"5min","Figi":"BBG000BXRPH1"}
{"o":104.22,"c":104.15,"h":104.22,"l":104.14,"v":456.0,"Time":"2020-12-02T16:55:00Z","Interval":"5min","Figi":"BBG000BXRPH1"}
{"o":104.22,"c":104.15,"h":104.22,"l":104.14,"v":476.0,"Time":"2020-12-02T16:55:00Z","Interval":"5min","Figi":"BBG000BXRPH1"}
{"o":104.22,"c":104.15,"h":104.22,"l":104.14,"v":496.0,"Time":"2020-12-02T16:55:00Z","Interval":"5min","Figi":"BBG000BXRPH1"}
{"o":104.22,"c":104.14,"h":104.22,"l":104.14,"v":576.0,"Time":"2020-12-02T16:55:00Z","Interval":"5min","Figi":"BBG000BXRPH1"}
{"o":104.22,"c":104.23,"h":104.23,"l":104.14,"v":676.0,"Time":"2020-12-02T16:55:00Z","Interval":"5min","Figi":"BBG000BXRPH1"}
{"o":104.22,"c":104.25,"h":104.25,"l":104.14,"v":679.0,"Time":"2020-12-02T16:55:00Z","Interval":"5min","Figi":"BBG000BXRPH1"}
{"o":104.22,"c":104.28,"h":104.28,"l":104.14,"v":680.0,"Time":"2020-12-02T16:55:00Z","Interval":"5min","Figi":"BBG000BXRPH1"}
{"o":104.22,"c":104.25,"h":104.28,"l":104.14,"v":681.0,"Time":"2020-12-02T16:55:00Z","Interval":"5min","Figi":"BBG000BXRPH1"}
{"o":104.22,"c":104.32,"h":104.32,"l":104.14,"v":881.0,"Time":"2020-12-02T16:55:00Z","Interval":"5min","Figi":"BBG000BXRPH1"}
{"o":104.22,"c":104.32,"h":104.32,"l":104.14,"v":882.0,"Time":"2020-12-02T16:55:00Z","Interval":"5min","Figi":"BBG000BXRPH1"}
{"o":104.22,"c":104.43,"h":104.43,"l":104.14,"v":892.0,"Time":"2020-12-02T16:55:00Z","Interval":"5min","Figi":"BBG000BXRPH1"}
{"o":104.22,"c":104.39,"h":104.43,"l":104.14,"v":919.0,"Time":"2020-12-02T16:55:00Z","Interval":"5min","Figi":"BBG000BXRPH1"}
{"o":104.22,"c":104.35,"h":104.43,"l":104.14,"v":994.0,"Time":"2020-12-02T16:55:00Z","Interval":"5min","Figi":"BBG000BXRPH1"}
{"o":104.22,"c":104.34,"h":104.43,"l":104.14,"v":1201.0,"Time":"2020-12-02T16:55:00Z","Interval":"5min","Figi":"BBG000BXRPH1"}
{"o":104.22,"c":104.37,"h":104.43,"l":104.14,"v":1202.0,"Time":"2020-12-02T16:55:00Z","Interval":"5min","Figi":"BBG000BXRPH1"}
{"o":104.22,"c":104.38,"h":104.43,"l":104.14,"v":1229.0,"Time":"2020-12-02T16:55:00Z","Interval":"5min","Figi":"BBG000BXRPH1"}
{"o":104.22,"c":104.35,"h":104.43,"l":104.14,"v":1329.0,"Time":"2020-12-02T16:55:00Z","Interval":"5min","Figi":"BBG000BXRPH1"}
{"o":104.22,"c":104.29,"h":104.43,"l":104.14,"v":1429.0,"Time":"2020-12-02T16:55:00Z","Interval":"5min","Figi":"BBG000BXRPH1"}
{"o":104.22,"c":104.26,"h":104.43,"l":104.14,"v":1529.0,"Time":"2020-12-02T16:55:00Z","Interval":"5min","Figi":"BBG000BXRPH1"}
{"o":104.22,"c":104.28,"h":104.43,"l":104.14,"v":1540.0,"Time":"2020-12-02T16:55:00Z","Interval":"5min","Figi":"BBG000BXRPH1"}
{"o":104.22,"c":104.34,"h":104.43,"l":104.14,"v":1610.0,"Time":"2020-12-02T16:55:00Z","Interval":"5min","Figi":"BBG000BXRPH1"}
{"o":104.22,"c":104.36,"h":104.43,"l":104.14,"v":1910.0,"Time":"2020-12-02T16:55:00Z","Interval":"5min","Figi":"BBG000BXRPH1"}
{"o":104.22,"c":104.36,"h":104.43,"l":104.14,"v":2185.0,"Time":"2020-12-02T16:55:00Z","Interval":"5min","Figi":"BBG000BXRPH1"}
{"o":104.22,"c":104.38,"h":104.43,"l":104.14,"v":2186.0,"Time":"2020-12-02T16:55:00Z","Interval":"5min","Figi":"BBG000BXRPH1"}
{"o":104.22,"c":104.34,"h":104.43,"l":104.14,"v":2287.0,"Time":"2020-12-02T16:55:00Z","Interval":"5min","Figi":"BBG000BXRPH1"}
{"o":104.22,"c":104.36,"h":104.43,"l":104.14,"v":2387.0,"Time":"2020-12-02T16:55:00Z","Interval":"5min","Figi":"BBG000BXRPH1"}
{"o":104.22,"c":104.34,"h":104.43,"l":104.14,"v":2487.0,"Time":"2020-12-02T16:55:00Z","Interval":"5min","Figi":"BBG000BXRPH1"}
{"o":104.22,"c":104.28,"h":104.43,"l":104.14,"v":2995.0,"Time":"2020-12-02T16:55:00Z","Interval":"5min","Figi":"BBG000BXRPH1"}
{"o":104.22,"c":104.26,"h":104.43,"l":104.14,"v":3195.0,"Time":"2020-12-02T16:55:00Z","Interval":"5min","Figi":"BBG000BXRPH1"}
{"o":104.22,"c":104.23,"h":104.43,"l":104.14,"v":3295.0,"Time":"2020-12-02T16:55:00Z","Interval":"5min","Figi":"BBG000BXRPH1"}
{"o":104.22,"c":104.25,"h":104.43,"l":104.14,"v":3297.0,"Time":"2020-12-02T16:55:00Z","Interval":"5min","Figi":"BBG000BXRPH1"}
{"o":104.22,"c":104.25,"h":104.43,"l":104.14,"v":3302.0,"Time":"2020-12-02T16:55:00Z","Interval":"5min","Figi":"BBG000BXRPH1"}
{"o":104.31,"c":104.31,"h":104.31,"l":104.31,"v":1.0,"Time":"2020-12-02T17:00:00Z","Interval":"5min","Figi":"BBG000BXRPH1"}
{"o":104.31,"c":104.23,"h":104.31,"l":104.23,"v":2.0,"Time":"2020-12-02T17:00:00Z","Interval":"5min","Figi":"BBG000BXRPH1"}
{"o":104.31,"c":104.18,"h":104.31,"l":104.18,"v":102.0,"Time":"2020-12-02T17:00:00Z","Interval":"5min","Figi":"BBG000BXRPH1"}
{"o":104.31,"c":104.29,"h":104.31,"l":104.18,"v":303.0,"Time":"2020-12-02T17:00:00Z","Interval":"5min","Figi":"BBG000BXRPH1"}
{"o":104.31,"c":104.32,"h":104.32,"l":104.18,"v":304.0,"Time":"2020-12-02T17:00:00Z","Interval":"5min","Figi":"BBG000BXRPH1"}
{"o":104.31,"c":104.34,"h":104.34,"l":104.18,"v":476.0,"Time":"2020-12-02T17:00:00Z","Interval":"5min","Figi":"BBG000BXRPH1"}
{"o":104.31,"c":104.34,"h":104.34,"l":104.18,"v":526.0,"Time":"2020-12-02T17:00:00Z","Interval":"5min","Figi":"BBG000BXRPH1"}
{"o":104.31,"c":104.36,"h":104.36,"l":104.18,"v":539.0,"Time":"2020-12-02T17:00:00Z","Interval":"5min","Figi":"BBG000BXRPH1"}
{"o":104.31,"c":104.43,"h":104.43,"l":104.18,"v":572.0,"Time":"2020-12-02T17:00:00Z","Interval":"5min","Figi":"BBG000BXRPH1"}
{"o":104.31,"c":104.5,"h":104.5,"l":104.18,"v":647.0,"Time":"2020-12-02T17:00:00Z","Interval":"5min","Figi":"BBG000BXRPH1"}
{"o":104.31,"c":104.52,"h":104.52,"l":104.18,"v":662.0,"Time":"2020-12-02T17:00:00Z","Interval":"5min","Figi":"BBG000BXRPH1"}
{"o":104.31,"c":104.47,"h":104.52,"l":104.18,"v":663.0,"Time":"2020-12-02T17:00:00Z","Interval":"5min","Figi":"BBG000BXRPH1"}
{"o":104.31,"c":104.49,"h":104.52,"l":104.18,"v":763.0,"Time":"2020-12-02T17:00:00Z","Interval":"5min","Figi":"BBG000BXRPH1"}
{"o":104.31,"c":104.49,"h":104.52,"l":104.18,"v":863.0,"Time":"2020-12-02T17:00:00Z","Interval":"5min","Figi":"BBG000BXRPH1"}
{"o":104.31,"c":104.48,"h":104.52,"l":104.18,"v":1069.0,"Time":"2020-12-02T17:00:00Z","Interval":"5min","Figi":"BBG000BXRPH1"}
{"o":104.31,"c":104.58,"h":104.58,"l":104.18,"v":1238.0,"Time":"2020-12-02T17:00:00Z","Interval":"5min","Figi":"BBG000BXRPH1"}
{"o":104.31,"c":104.52,"h":104.58,"l":104.18,"v":1446.0,"Time":"2020-12-02T17:00:00Z","Interval":"5min","Figi":"BBG000BXRPH1"}
{"o":104.31,"c":104.58,"h":104.58,"l":104.18,"v":1487.0,"Time":"2020-12-02T17:00:00Z","Interval":"5min","Figi":"BBG000BXRPH1"}
{"o":104.31,"c":104.52,"h":104.58,"l":104.18,"v":1688.0,"Time":"2020-12-02T17:00:00Z","Interval":"5min","Figi":"BBG000BXRPH1"}
{"o":104.31,"c":104.49,"h":104.58,"l":104.18,"v":1788.0,"Time":"2020-12-02T17:00:00Z","Interval":"5min","Figi":"BBG000BXRPH1"}
{"o":104.31,"c":104.53,"h":104.58,"l":104.18,"v":1878.0,"Time":"2020-12-02T17:00:00Z","Interval":"5min","Figi":"BBG000BXRPH1"}
{"o":104.31,"c":104.52,"h":104.58,"l":104.18,"v":2278.0,"Time":"2020-12-02T17:00:00Z","Interval":"5min","Figi":"BBG000BXRPH1"}
{"o":104.31,"c":104.39,"h":104.58,"l":104.18,"v":2294.0,"Time":"2020-12-02T17:00:00Z","Interval":"5min","Figi":"BBG000BXRPH1"}
{"o":104.31,"c":104.38,"h":104.58,"l":104.18,"v":2301.0,"Time":"2020-12-02T17:00:00Z","Interval":"5min","Figi":"BBG000BXRPH1"}
{"o":104.31,"c":104.31,"h":104.58,"l":104.18,"v":2302.0,"Time":"2020-12-02T17:00:00Z","Interval":"5min","Figi":"BBG000BXRPH1"}
{"o":104.31,"c":104.26,"h":104.58,"l":104.18,"v":2402.0,"Time":"2020-12-02T17:00:00Z","Interval":"5min","Figi":"BBG000BXRPH1"}
{"o":104.31,"c":104.21,"h":104.58,"l":104.18,"v":2403.0,"Time":"2020-12-02T17:00:00Z","Interval":"5min","Figi":"BBG000BXRPH1"}
{"o":104.31,"c":104.23,"h":104.58,"l":104.18,"v":2422.0,"Time":"2020-12-02T17:00:00Z","Interval":"5min","Figi":"BBG000BXRPH1"}
{"o":104.31,"c":104.25,"h":104.58,"l":104.18,"v":2522.0,"Time":"2020-12-02T17:00:00Z","Interval":"5min","Figi":"BBG000BXRPH1"}
{"o":104.31,"c":104.28,"h":104.58,"l":104.18,"v":2623.0,"Time":"2020-12-02T17:00:00Z","Interval":"5min","Figi":"BBG000BXRPH1"}
{"o":104.31,"c":104.21,"h":104.58,"l":104.18,"v":2923.0,"Time":"2020-12-02T17:00:00Z","Interval":"5min","Figi":"BBG000BXRPH1"}
{"o":104.31,"c":104.21,"h":104.58,"l":104.18,"v":3024.0,"Time":"2020-12-02T17:00:00Z","Interval":"5min","Figi":"BBG000BXRPH1"}
{"o":104.08,"c":104.08,"h":104.08,"l":104.08,"v":2.0,"Time":"2020-12-02T17:05:00Z","Interval":"5min","Figi":"BBG000BXRPH1"}
{"o":104.08,"c":104.2,"h":104.2,"l":104.08,"v":420.0,"Time":"2020-12-02T17:05:00Z","Interval":"5min","Figi":"BBG000BXRPH1"}
{"o":104.08,"c":104.28,"h":104.28,"l":104.08,"v":465.0,"Time":"2020-12-02T17:05:00Z","Interval":"5min","Figi":"BBG000BXRPH1"}
{"o":104.08,"c":104.18,"h":104.28,"l":104.08,"v":566.0,"Time":"2020-12-02T17:05:00Z","Interval":"5min","Figi":"BBG000BXRPH1"}
{"o":104.08,"c":104.32,"h":104.32,"l":104.08,"v":666.0,"Time":"2020-12-02T17:05:00Z","Interval":"5min","Figi":"BBG000BXRPH1"}
{"o":104.08,"c":104.28,"h":104.32,"l":104.08,"v":668.0,"Time":"2020-12-02T17:05:00Z","Interval":"5min","Figi":"BBG000BXRPH1"}
{"o":104.08,"c":104.3,"h":104.32,"l":104.08,"v":669.0,"Time":"2020-12-02T17:05:00Z","Interval":"5min","Figi":"BBG000BXRPH1"}
{"o":104.08,"c":104.3,"h":104.32,"l":104.08,"v":777.0,"Time":"2020-12-02T17:05:00Z","Interval":"5min","Figi":"BBG000BXRPH1"}
{"o":104.08,"c":104.28,"h":104.32,"l":104.08,"v":883.0,"Time":"2020-12-02T17:05:00Z","Interval":"5min","Figi":"BBG000BXRPH1"}
{"o":104.08,"c":104.24,"h":104.32,"l":104.08,"v":983.0,"Time":"2020-12-02T17:05:00Z","Interval":"5min","Figi":"BBG000BXRPH1"}
{"o":104.08,"c":104.3,"h":104.32,"l":104.08,"v":1083.0,"Time":"2020-12-02T17:05:00Z","Interval":"5min","Figi":"BBG000BXRPH1"}
{"o":104.08,"c":104.38,"h":104.38,"l":104.08,"v":1171.0,"Time":"2020-12-02T17:05:00Z","Interval":"5min","Figi":"BBG000BXRPH1"}
{"o":104.08,"c":104.38,"h":104.38,"l":104.08,"v":1183.0,"Time":"2020-12-02T17:05:00Z","Interval":"5min","Figi":"BBG000BXRPH1"}
{"o":104.08,"c":104.45,"h":104.45,"l":104.08,"v":1213.0,"Time":"2020-12-02T17:05:00Z","Interval":"5min","Figi":"BBG000BXRPH1"}
{"o":104.08,"c":104.37,"h":104.45,"l":104.08,"v":1214.0,"Time":"2020-12-02T17:05:00Z","Interval":"5min","Figi":"BBG000BXRPH1"}
{"o":104.08,"c":104.35,"h":104.45,"l":104.08,"v":1215.0,"Time":"2020-12-02T17:05:00Z","Interval":"5min","Figi":"BBG000BXRPH1"}
{"o":104.08,"c":104.33,"h":104.45,"l":104.08,"v":1220.0,"Time":"2020-12-02T17:05:00Z","Interval":"5min","Figi":"BBG000BXRPH1"}
{"o":104.08,"c":104.25,"h":104.45,"l":104.08,"v":1320.0,"Time":"2020-12-02T17:05:00Z","Interval":"5min","Figi":"BBG000BXRPH1"}
{"o":104.08,"c":104.2,"h":104.45,"l":104.08,"v":1326.0,"Time":"2020-12-02T17:05:00Z","Interval":"5min","Figi":"BBG000BXRPH1"}
{"o":104.08,"c":104.23,"h":104.45,"l":104.08,"v":1426.0,"Time":"2020-12-02T17:05:00Z","Interval":"5min","Figi":"BBG000BXRPH1"}
{"o":104.08,"c":104.23,"h":104.45,"l":104.08,"v":1452.0,"Time":"2020-12-02T17:05:00Z","Interval":"5min","Figi":"BBG000BXRPH1"}
{"o":104.08,"c":104.24,"h":104.45,"l":104.08,"v":1652.0,"Time":"2020-12-02T17:05:00Z","Interval":"5min","Figi":"BBG000BXRPH1"}
{"o":104.08,"c":104.28,"h":104.45,"l":104.08,"v":1660.0,"Time":"2020-12-02T17:05:00Z","Interval":"5min","Figi":"BBG000BXRPH1"}
{"o":104.08,"c":104.28,"h":104.45,"l":104.08,"v":1852.0,"Time":"2020-12-02T17:05:00Z","Interval":"5min","Figi":"BBG000BXRPH1"}
{"o":104.08,"c":104.17,"h":104.45,"l":104.08,"v":1952.0,"Time":"2020-12-02T17:05:00Z","Interval":"5min","Figi":"BBG000BXRPH1"}
{"o":104.08,"c":104.15,"h":104.45,"l":104.08,"v":2153.0,"Time":"2020-12-02T17:05:00Z","Interval":"5min","Figi":"BBG000BXRPH1"}
{"o":104.08,"c":104.15,"h":104.45,"l":104.08,"v":2253.0,"Time":"2020-12-02T17:05:00Z","Interval":"5min","Figi":"BBG000BXRPH1"}
{"o":104.08,"c":104.05,"h":104.45,"l":104.04,"v":2357.0,"Time":"2020-12-02T17:05:00Z","Interval":"5min","Figi":"BBG000BXRPH1"}
{"o":104.03,"c":104.03,"h":104.03,"l":104.03,"v":3.0,"Time":"2020-12-02T17:10:00Z","Interval":"5min","Figi":"BBG000BXRPH1"}
{"o":104.03,"c":103.99,"h":104.03,"l":103.99,"v":4.0,"Time":"2020-12-02T17:10:00Z","Interval":"5min","Figi":"BBG000BXRPH1"}
{"o":104.03,"c":103.99,"h":104.03,"l":103.99,"v":251.0,"Time":"2020-12-02T17:10:00Z","Interval":"5min","Figi":"BBG000BXRPH1"}
{"o":104.03,"c":103.95,"h":104.03,"l":103.95,"v":351.0,"Time":"2020-12-02T17:10:00Z","Interval":"5min","Figi":"BBG000BXRPH1"}
{"o":104.03,"c":103.96,"h":104.03,"l":103.95,"v":464.0,"Time":"2020-12-02T17:10:00Z","Interval":"5min","Figi":"BBG000BXRPH1"}
{"o":104.03,"c":103.95,"h":104.03,"l":103.95,"v":564.0,"Time":"2020-12-02T17:10:00Z","Interval":"5min","Figi":"BBG000BXRPH1"}
{"o":104.03,"c":103.94,"h":104.03,"l":103.94,"v":664.0,"Time":"2020-12-02T17:10:00Z","Interval":"5min","Figi":"BBG000BXRPH1"}
{"o":104.03,"c":103.89,"h":104.03,"l":103.89,"v":764.0,"Time":"2020-12-02T17:10:00Z","Interval":"5min","Figi":"BBG000BXRPH1"}
{"o":104.03,"c":103.89,"h":104.03,"l":103.89,"v":772.0,"Time":"2020-12-02T17:10:00Z","Interval":"5min","Figi":"BBG000BXRPH1"}
{"o":104.03,"c":103.9,"h":104.03,"l":103.87,"v":1032.0,"Time":"2020-12-02T17:10:00Z","Interval":"5min","Figi":"BBG000BXRPH1"}
{"o":104.03,"c":103.91,"h":104.03,"l":103.87,"v":1033.0,"Time":"2020-12-02T17:10:00Z","Interval":"5min","Figi":"BBG000BXRPH1"}
{"o":104.03,"c":103.95,"h":104.03,"l":103.87,"v":1233.0,"Time":"2020-12-02T17:10:00Z","Interval":"5min","Figi":"BBG000BXRPH1"}
{"o":104.03,"c":103.9,"h":104.03,"l":103.87,"v":1333.0,"Time":"2020-12-02T17:10:00Z","Interval":"5min","Figi":"BBG000BXRPH1"}
{"o":104.03,"c":103.85,"h":104.03,"l":103.85,"v":1583.0,"Time":"2020-12-02T17:10:00Z","Interval":"5min","Figi":"BBG000BXRPH1"}
{"o":104.03,"c":103.78,"h":104.03,"l":103.78,"v":1587.0,"Time":"2020-12-02T17:10:00Z","Interval":"5min","Figi":"BBG000BXRPH1"}
{"o":104.03,"c":103.84,"h":104.03,"l":103.78,"v":1687.0,"Time":"2020-12-02T17:10:00Z","Interval":"5min","Figi":"BBG000BXRPH1"}
{"o":104.03,"c":103.87,"h":104.03,"l":103.78,"v":1787.0,"Time":"2020-12-02T17:10:00Z","Interval":"5min","Figi":"BBG000BXRPH1"}
{"o":104.03,"c":103.85,"h":104.03,"l":103.78,"v":1807.0,"Time":"2020-12-02T17:10:00Z","Interval":"5min","Figi":"BBG000BXRPH1"}
{"o":104.03,"c":103.93,"h":104.03,"l":103.78,"v":1809.0,"Time":"2020-12-02T17:10:00Z","Interval":"5min","Figi":"BBG000BXRPH1"}
{"o":104.03,"c":103.96,"h":104.03,"l":103.78,"v":1834.0,"Time":"2020-12-02T17:10:00Z","Interval":"5min","Figi":"BBG000BXRPH1"}
{"o":104.03,"c":104.01,"h":104.03,"l":103.78,"v":1983.0,"Time":"2020-12-02T17:10:00Z","Interval":"5min","Figi":"BBG000BXRPH1"}
{"o":104.03,"c":104.09,"h":104.09,"l":103.78,"v":2034.0,"Time":"2020-12-02T17:10:00Z","Interval":"5min","Figi":"BBG000BXRPH1"}
{"o":104.03,"c":104.01,"h":104.09,"l":103.78,"v":2082.0,"Time":"2020-12-02T17:10:00Z","Interval":"5min","Figi":"BBG000BXRPH1"}
{"o":104.03,"c":104.05,"h":104.09,"l":103.78,"v":2132.0,"Time":"2020-12-02T17:10:00Z","Interval":"5min","Figi":"BBG000BXRPH1"}
{"o":104.03,"c":104.08,"h":104.09,"l":103.78,"v":2326.0,"Time":"2020-12-02T17:10:00Z","Interval":"5min","Figi":"BBG000BXRPH1"}
{"o":104.03,"c":104.06,"h":104.09,"l":103.78,"v":2526.0,"Time":"2020-12-02T17:10:00Z","Interval":"5min","Figi":"BBG000BXRPH1"}
{"o":104.03,"c":104.1,"h":104.1,"l":103.78,"v":2626.0,"Time":"2020-12-02T17:10:00Z","Interval":"5min","Figi":"BBG000BXRPH1"}
{"o":104.03,"c":104.05,"h":104.1,"l":103.78,"v":2627.0,"Time":"2020-12-02T17:10:00Z","Interval":"5min","Figi":"BBG000BXRPH1"}
{"o":104.03,"c":104.12,"h":104.12,"l":103.78,"v":2727.0,"Time":"2020-12-02T17:10:00Z","Interval":"5min","Figi":"BBG000BXRPH1"}
{"o":104.03,"c":104.19,"h":104.19,"l":103.78,"v":2728.0,"Time":"2020-12-02T17:10:00Z","Interval":"5min","Figi":"BBG000BXRPH1"}
{"o":104.03,"c":104.17,"h":104.19,"l":103.78,"v":2729.0,"Time":"2020-12-02T17:10:00Z","Interval":"5min","Figi":"BBG000BXRPH1"}
{"o":104.03,"c":104.15,"h":104.19,"l":103.78,"v":3254.0,"Time":"2020-12-02T17:10:00Z","Interval":"5min","Figi":"BBG000BXRPH1"}
{"o":104.03,"c":104.15,"h":104.19,"l":103.78,"v":3329.0,"Time":"2020-12-02T17:10:00Z","Interval":"5min","Figi":"BBG000BXRPH1"}
{"o":104.03,"c":104.1,"h":104.19,"l":103.78,"v":3427.0,"Time":"2020-12-02T17:10:00Z","Interval":"5min","Figi":"BBG000BXRPH1"}
{"o":104.03,"c":104.1,"h":104.19,"l":103.78,"v":3428.0,"Time":"2020-12-02T17:10:00Z","Interval":"5min","Figi":"BBG000BXRPH1"}
{"o":104.03,"c":104.11,"h":104.19,"l":103.78,"v":3430.0,"Time":"2020-12-02T17:10:00Z","Interval":"5min","Figi":"BBG000BXRPH1"}
{"o":104.03,"c":104.28,"h":104.28,"l":103.78,"v":3630.0,"Time":"2020-12-02T17:10:00Z","Interval":"5min","Figi":"BBG000BXRPH1"}
{"o":104.26,"c":104.26,"h":104.26,"l":104.26,"v":1.0,"Time":"2020-12-02T17:15:00Z","Interval":"5min","Figi":"BBG000BXRPH1"}
{"o":104.26,"c":104.26,"h":104.3,"l":104.26,"v":207.0,"Time":"2020-12-02T17:15:00Z","Interval":"5min","Figi":"BBG000BXRPH1"}
{"o":104.26,"c":104.33,"h":104.33,"l":104.26,"v":296.0,"Time":"2020-12-02T17:15:00Z","Interval":"5min","Figi":"BBG000BXRPH1"}
{"o":104.26,"c":104.38,"h":104.38,"l":104.26,"v":496.0,"Time":"2020-12-02T17:15:00Z","Interval":"5min","Figi":"BBG000BXRPH1"}
{"o":104.26,"c":104.4,"h":104.4,"l":104.26,"v":555.0,"Time":"2020-12-02T17:15:00Z","Interval":"5min","Figi":"BBG000BXRPH1"}
{"o":104.26,"c":104.4,"h":104.4,"l":104.26,"v":555.0,"Time":"2020-12-02T17:15:00Z","Interval":"5min","Figi":"BBG000BXRPH1"}
{"o":104.26,"c":104.43,"h":104.43,"l":104.26,"v":598.0,"Time":"2020-12-02T17:15:00Z","Interval":"5min","Figi":"BBG000BXRPH1"}
{"o":104.26,"c":104.4,"h":104.43,"l":104.26,"v":610.0,"Time":"2020-12-02T17:15:00Z","Interval":"5min","Figi":"BBG000BXRPH1"}
{"o":104.26,"c":104.4,"h":104.43,"l":104.26,"v":648.0,"Time":"2020-12-02T17:15:00Z","Interval":"5min","Figi":"BBG000BXRPH1"}
{"o":104.26,"c":104.4,"h":104.43,"l":104.26,"v":660.0,"Time":"2020-12-02T17:15:00Z","Interval":"5min","Figi":"BBG000BXRPH1"}
{"o":104.26,"c":104.4,"h":104.43,"l":104.26,"v":685.0,"Time":"2020-12-02T17:15:00Z","Interval":"5min","Figi":"BBG000BXRPH1"}
{"o":104.26,"c":104.4,"h":104.43,"l":104.26,"v":698.0,"Time":"2020-12-02T17:15:00Z","Interval":"5min","Figi":"BBG000BXRPH1"}
{"o":104.26,"c":104.37,"h":104.43,"l":104.26,"v":710.0,"Time":"2020-12-02T17:15:00Z","Interval":"5min","Figi":"BBG000BXRPH1"}
{"o":104.26,"c":104.4,"h":104.43,"l":104.26,"v":810.0,"Time":"2020-12-02T17:15:00Z","Interval":"5min","Figi":"BBG000BXRPH1"}
{"o":104.26,"c":104.44,"h":104.44,"l":104.26,"v":910.0,"Time":"2020-12-02T17:15:00Z","Interval":"5min","Figi":"BBG000BXRPH1"}
{"o":104.26,"c":104.42,"h":104.44,"l":104.26,"v":911.0,"Time":"2020-12-02T17:15:00Z","Interval":"5min","Figi":"BBG000BXRPH1"}
{"o":104.26,"c":104.44,"h":104.44,"l":104.26,"v":914.0,"Time":"2020-12-02T17:15:00Z","Interval":"5min","Figi":"BBG000BXRPH1"}
{"o":104.26,"c":104.39,"h":104.44,"l":104.26,"v":1514.0,"Time":"2020-12-02T17:15:00Z","Interval":"5min","Figi":"BBG000BXRPH1"}
{"o":104.26,"c":104.42,"h":104.44,"l":104.26,"v":1614.0,"Time":"2020-12-02T17:15:00Z","Interval":"5min","Figi":"BBG000BXRPH1"}
{"o":104.26,"c":104.41,"h":104.44,"l":104.26,"v":1714.0,"Time":"2020-12-02T17:15:00Z","Interval":"5min","Figi":"BBG000BXRPH1"}
{"o":104.26,"c":104.44,"h":104.44,"l":104.26,"v":1814.0,"Time":"2020-12-02T17:15:00Z","Interval":"5min","Figi":"BBG000BXRPH1"}
{"o":104.26,"c":104.43,"h":104.44,"l":104.26,"v":2124.0,"Time":"2020-12-02T17:15:00Z","Interval":"5min","Figi":"BBG000BXRPH1"}
{"o":104.26,"c":104.39,"h":104.44,"l":104.26,"v":2232.0,"Time":"2020-12-02T17:15:00Z","Interval":"5min","Figi":"BBG000BXRPH1"}
{"o":104.26,"c":104.39,"h":104.44,"l":104.26,"v":2267.0,"Time":"2020-12-02T17:15:00Z","Interval":"5min","Figi":"BBG000BXRPH1"}
{"o":104.26,"c":104.44,"h":104.44,"l":104.26,"v":2388.0,"Time":"2020-12-02T17:15:00Z","Interval":"5min","Figi":"BBG000BXRPH1"}
{"o":104.26,"c":104.44,"h":104.45,"l":104.26,"v":2590.0,"Time":"2020-12-02T17:15:00Z","Interval":"5min","Figi":"BBG000BXRPH1"}
{"o":104.26,"c":104.48,"h":104.48,"l":104.26,"v":2690.0,"Time":"2020-12-02T17:15:00Z","Interval":"5min","Figi":"BBG000BXRPH1"}
{"o":104.26,"c":104.52,"h":104.52,"l":104.26,"v":2892.0,"Time":"2020-12-02T17:15:00Z","Interval":"5min","Figi":"BBG000BXRPH1"}
{"o":104.26,"c":104.52,"h":104.52,"l":104.26,"v":2900.0,"Time":"2020-12-02T17:15:00Z","Interval":"5min","Figi":"BBG000BXRPH1"}
{"o":104.26,"c":104.48,"h":104.52,"l":104.26,"v":2931.0,"Time":"2020-12-02T17:15:00Z","Interval":"5min","Figi":"BBG000BXRPH1"}
{"o":104.26,"c":104.53,"h":104.53,"l":104.26,"v":2932.0,"Time":"2020-12-02T17:15:00Z","Interval":"5min","Figi":"BBG000BXRPH1"}
{"o":104.26,"c":104.5,"h":104.53,"l":104.26,"v":2933.0,"Time":"2020-12-02T17:15:00Z","Interval":"5min","Figi":"BBG000BXRPH1"}
{"o":104.26,"c":104.48,"h":104.53,"l":104.26,"v":2938.0,"Time":"2020-12-02T17:15:00Z","Interval":"5min","Figi":"BBG000BXRPH1"}
{"o":104.26,"c":104.42,"h":104.53,"l":104.26,"v":3188.0,"Time":"2020-12-02T17:15:00Z","Interval":"5min","Figi":"BBG000BXRPH1"}
{"o":104.26,"c":104.42,"h":104.53,"l":104.26,"v":3388.0,"Time":"2020-12-02T17:15:00Z","Interval":"5min","Figi":"BBG000BXRPH1"}
{"o":104.26,"c":104.44,"h":104.53,"l":104.26,"v":3488.0,"Time":"2020-12-02T17:15:00Z","Interval":"5min","Figi":"BBG000BXRPH1"}
{"o":104.26,"c":104.5,"h":104.53,"l":104.26,"v":3549.0,"Time":"2020-12-02T17:15:00Z","Interval":"5min","Figi":"BBG000BXRPH1"}
{"o":104.48,"c":104.48,"h":104.48,"l":104.48,"v":1.0,"Time":"2020-12-02T17:20:00Z","Interval":"5min","Figi":"BBG000BXRPH1"}
{"o":104.48,"c":104.48,"h":104.48,"l":104.48,"v":101.0,"Time":"2020-12-02T17:20:00Z","Interval":"5min","Figi":"BBG000BXRPH1"}
{"o":104.48,"c":104.49,"h":104.49,"l":104.48,"v":201.0,"Time":"2020-12-02T17:20:00Z","Interval":"5min","Figi":"BBG000BXRPH1"}
{"o":104.48,"c":104.5,"h":104.5,"l":104.48,"v":266.0,"Time":"2020-12-02T17:20:00Z","Interval":"5min","Figi":"BBG000BXRPH1"}
{"o":104.48,"c":104.45,"h":104.5,"l":104.45,"v":374.0,"Time":"2020-12-02T17:20:00Z","Interval":"5min","Figi":"BBG000BXRPH1"}
{"o":104.48,"c":104.44,"h":104.5,"l":104.44,"v":474.0,"Time":"2020-12-02T17:20:00Z","Interval":"5min","Figi":"BBG000BXRPH1"}
{"o":104.48,"c":104.48,"h":104.5,"l":104.44,"v":522.0,"Time":"2020-12-02T17:20:00Z","Interval":"5min","Figi":"BBG000BXRPH1"}
{"o":104.48,"c":104.48,"h":104.5,"l":104.44,"v":722.0,"Time":"2020-12-02T17:20:00Z","Interval":"5min","Figi":"BBG000BXRPH1"}
{"o":104.48,"c":104.5,"h":104.5,"l":104.44,"v":724.0,"Time":"2020-12-02T17:20:00Z","Interval":"5min","Figi":"BBG000BXRPH1"}
{"o":104.48,"c":104.48,"h":104.5,"l":104.44,"v":726.0,"Time":"2020-12-02T17:20:00Z","Interval":"5min","Figi":"BBG000BXRPH1"}
{"o":104.48,"c":104.44,"h":104.5,"l":104.44,"v":839.0,"Time":"2020-12-02T17:20:00Z","Interval":"5min","Figi":"BBG000BXRPH1"}
{"o":104.48,"c":104.44,"h":104.5,"l":104.44,"v":926.0,"Time":"2020-12-02T17:20:00Z","Interval":"5min","Figi":"BBG000BXRPH1"}
{"o":104.48,"c":104.5,"h":104.5,"l":104.44,"v":1176.0,"Time":"2020-12-02T17:20:00Z","Interval":"5min","Figi":"BBG000BXRPH1"}
{"o":104.48,"c":104.53,"h":104.53,"l":104.44,"v":1284.0,"Time":"2020-12-02T17:20:00Z","Interval":"5min","Figi":"BBG000BXRPH1"}
{"o":104.48,"c":104.54,"h":104.54,"l":104.44,"v":1294.0,"Time":"2020-12-02T17:20:00Z","Interval":"5min","Figi":"BBG000BXRPH1"}
{"o":104.48,"c":104.48,"h":104.54,"l":104.44,"v":1295.0,"Time":"2020-12-02T17:20:00Z","Interval":"5min","Figi":"BBG000BXRPH1"}
{"o":104.48,"c":104.44,"h":104.54,"l":104.44,"v":1496.0,"Time":"2020-12-02T17:20:00Z","Interval":"5min","Figi":"BBG000BXRPH1"}
{"o":104.48,"c":104.43,"h":104.54,"l":104.43,"v":1696.0,"Time":"2020-12-02T17:20:00Z","Interval":"5min","Figi":"BBG000BXRPH1"}
{"o":104.48,"c":104.43,"h":104.54,"l":104.42,"v":1797.0,"Time":"2020-12-02T17:20:00Z","Interval":"5min","Figi":"BBG000BXRPH1"}
{"o":104.48,"c":104.42,"h":104.54,"l":104.42,"v":1810.0,"Time":"2020-12-02T17:20:00Z","Interval":"5min","Figi":"BBG000BXRPH1"}
{"o":104.48,"c":104.42,"h":104.54,"l":104.42,"v":1860.0,"Time":"2020-12-02T17:20:00Z","Interval":"5min","Figi":"BBG000BXRPH1"}
{"o":104.48,"c":104.41,"h":104.54,"l":104.41,"v":1898.0,"Time":"2020-12-02T17:20:00Z","Interval":"5min","Figi":"BBG000BXRPH1"}
{"o":104.48,"c":104.48,"h":104.54,"l":104.41,"v":1899.0,"Time":"2020-12-02T17:20:00Z","Interval":"5min","Figi":"BBG000BXRPH1"}
{"o":104.48,"c":104.48,"h":104.54,"l":104.41,"v":1937.0,"Time":"2020-12-02T17:20:00Z","Interval":"5min","Figi":"BBG000BXRPH1"}
{"o":104.48,"c":104.38,"h":104.54,"l":104.38,"v":2037.0,"Time":"2020-12-02T17:20:00Z","Interval":"5min","Figi":"BBG000BXRPH1"}
{"o":104.48,"c":104.33,"h":104.54,"l":104.33,"v":2067.0,"Time":"2020-12-02T17:20:00Z","Interval":"5min","Figi":"BBG000BXRPH1"}
{"o":104.48,"c":104.42,"h":104.54,"l":104.33,"v":2170.0,"Time":"2020-12-02T17:20:00Z","Interval":"5min","Figi":"BBG000BXRPH1"}
{"o":104.46,"c":104.46,"h":104.46,"l":104.46,"v":40.0,"Time":"2020-12-02T17:25:00Z","Interval":"5min","Figi":"BBG000BXRPH1"}
{"o":104.46,"c":104.54,"h":104.54,"l":104.46,"v":173.0,"Time":"2020-12-02T17:25:00Z","Interval":"5min","Figi":"BBG000BXRPH1"}
{"o":104.46,"c":104.57,"h":104.57,"l":104.46,"v":177.0,"Time":"2020-12-02T17:25:00Z","Interval":"5min","Figi":"BBG000BXRPH1"}
{"o":104.46,"c":104.66,"h":104.66,"l":104.46,"v":178.0,"Time":"2020-12-02T17:25:00Z","Interval":"5min","Figi":"BBG000BXRPH1"}
{"o":104.46,"c":104.63,"h":104.66,"l":104.46,"v":190.0,"Time":"2020-12-02T17:25:00Z","Interval":"5min","Figi":"BBG000BXRPH1"}
{"o":104.46,"c":104.62,"h":104.66,"l":104.46,"v":251.0,"Time":"2020-12-02T17:25:00Z","Interval":"5min","Figi":"BBG000BXRPH1"}
{"o":104.46,"c":104.62,"h":104.66,"l":104.46,"v":263.0,"Time":"2020-12-02T17:25:00Z","Interval":"5min","Figi":"BBG000BXRPH1"}
{"o":104.46,"c":104.62,"h":104.66,"l":104.46,"v":307.0,"Time":"2020-12-02T17:25:00Z","Interval":"5min","Figi":"BBG000BXRPH1"}
{"o":104.46,"c":104.62,"h":104.66,"l":104.46,"v":328.0,"Time":"2020-12-02T17:25:00Z","Interval":"5min","Figi":"BBG000BXRPH1"}
{"o":104.46,"c":104.62,"h":104.66,"l":104.46,"v":436.0,"Time":"2020-12-02T17:25:00Z","Interval":"5min","Figi":"BBG000BXRPH1"}
{"o":104.46,"c":104.63,"h":104.66,"l":104.46,"v":437.0,"Time":"2020-12-02T17:25:00Z","Interval":"5min","Figi":"BBG000BXRPH1"}
{"o":104.46,"c":104.63,"h":104.66,"l":104.46,"v":438.0,"Time":"2020-12-02T17:25:00Z","Interval":"5min","Figi":"BBG000BXRPH1"}
{"o":104.46,"c":104.62,"h":104.66,"l":104.46,"v":538.0,"Time":"2020-12-02T17:25:00Z","Interval":"5min","Figi":"BBG000BXRPH1"}
{"o":104.46,"c":104.55,"h":104.66,"l":104.46,"v":750.0,"Time":"2020-12-02T17:25:00Z","Interval":"5min","Figi":"BBG000BXRPH1"}
{"o":104.46,"c":104.59,"h":104.66,"l":104.46,"v":1191.0,"Time":"2020-12-02T17:25:00Z","Interval":"5min","Figi":"BBG000BXRPH1"}
{"o":104.46,"c":104.55,"h":104.66,"l":104.46,"v":1241.0,"Time":"2020-12-02T17:25:00Z","Interval":"5min","Figi":"BBG000BXRPH1"}
{"o":104.46,"c":104.56,"h":104.66,"l":104.46,"v":1328.0,"Time":"2020-12-02T17:25:00Z","Interval":"5min","Figi":"BBG000BXRPH1"}
{"o":104.46,"c":104.56,"h":104.66,"l":104.46,"v":1528.0,"Time":"2020-12-02T17:25:00Z","Interval":"5min","Figi":"BBG000BXRPH1"}
{"o":104.46,"c":104.63,"h":104.66,"l":104.46,"v":1539.0,"Time":"2020-12-02T17:25:00Z","Interval":"5min","Figi":"BBG000BXRPH1"}
{"o":104.46,"c":104.64,"h":104.66,"l":104.46,"v":1541.0,"Time":"2020-12-02T17:25:00Z","Interval":"5min","Figi":"BBG000BXRPH1"}
{"o":104.46,"c":104.61,"h":104.66,"l":104.46,"v":1542.0,"Time":"2020-12-02T17:25:00Z","Interval":"5min","Figi":"BBG000BXRPH1"}
{"o":104.46,"c":104.61,"h":104.66,"l":104.46,"v":1641.0,"Time":"2020-12-02T17:25:00Z","Interval":"5min","Figi":"BBG000BXRPH1"}
{"o":104.46,"c":104.61,"h":104.66,"l":104.46,"v":1642.0,"Time":"2020-12-02T17:25:00Z","Interval":"5min","Figi":"BBG000BXRPH1"}
{"o":104.46,"c":104.59,"h":104.66,"l":104.46,"v":1842.0,"Time":"2020-12-02T17:25:00Z","Interval":"5min","Figi":"BBG000BXRPH1"}
{"o":104.46,"c":104.59,"h":104.66,"l":104.46,"v":1843.0,"Time":"2020-12-02T17:25:00Z","Interval":"5min","Figi":"BBG000BXRPH1"}
{"o":104.46,"c":104.58,"h":104.66,"l":104.46,"v":1952.0,"Time":"2020-12-02T17:25:00Z","Interval":"5min","Figi":"BBG000BXRPH1"}
{"o":104.46,"c":104.58,"h":104.66,"l":104.46,"v":2153.0,"Time":"2020-12-02T17:25:00Z","Interval":"5min","Figi":"BBG000BXRPH1"}
{"o":104.46,"c":104.64,"h":104.66,"l":104.46,"v":2164.0,"Time":"2020-12-02T17:25:00Z","Interval":"5min","Figi":"BBG000BXRPH1"}
{"o":104.46,"c":104.55,"h":104.66,"l":104.46,"v":2364.0,"Time":"2020-12-02T17:25:00Z","Interval":"5min","Figi":"BBG000BXRPH1"}
{"o":104.46,"c":104.56,"h":104.66,"l":104.46,"v":2564.0,"Time":"2020-12-02T17:25:00Z","Interval":"5min","Figi":"BBG000BXRPH1"}
{"o":104.46,"c":104.55,"h":104.66,"l":104.46,"v":2574.0,"Time":"2020-12-02T17:25:00Z","Interval":"5min","Figi":"BBG000BXRPH1"}
{"o":104.46,"c":104.55,"h":104.66,"l":104.46,"v":2584.0,"Time":"2020-12-02T17:25:00Z","Interval":"5min","Figi":"BBG000BXRPH1"}
{"o":104.46,"c":104.54,"h":104.66,"l":104.46,"v":2634.0,"Time":"2020-12-02T17:25:00Z","Interval":"5min","Figi":"BBG000BXRPH1"}
{"o":104.46,"c":104.52,"h":104.66,"l":104.46,"v":3284.0,"Time":"2020-12-02T17:25:00Z","Interval":"5min","Figi":"BBG000BXRPH1"}
{"o":104.46,"c":104.52,"h":104.66,"l":104.46,"v":3294.0,"Time":"2020-12-02T17:25:00Z","Interval":"5min","Figi":"BBG000BXRPH1"}
{"o":104.55,"c":104.56,"h":104.56,"l":104.55,"v":200.0,"Time":"2020-12-02T17:30:00Z","Interval":"5min","Figi":"BBG000BXRPH1"}
{"o":104.55,"c":104.61,"h":104.61,"l":104.55,"v":300.0,"Time":"2020-12-02T17:30:00Z","Interval":"5min","Figi":"BBG000BXRPH1"}
{"o":104.55,"c":104.61,"h":104.61,"l":104.55,"v":310.0,"Time":"2020-12-02T17:30:00Z","Interval":"5min","Figi":"BBG000BXRPH1"}
{"o":104.55,"c":104.61,"h":104.61,"l":104.55,"v":318.0,"Time":"2020-12-02T17:30:00Z","Interval":"5min","Figi":"BBG000BXRPH1"}
{"o":104.55,"c":104.59,"h":104.61,"l":104.55,"v":418.0,"Time":"2020-12-02T17:30:00Z","Interval":"5min","Figi":"BBG000BXRPH1"}
{"o":104.55,"c":104.63,"h":104.63,"l":104.55,"v":423.0,"Time":"2020-12-02T17:30:00Z","Interval":"5min","Figi":"BBG000BXRPH1"}
{"o":104.55,"c":104.64,"h":104.64,"l":104.55,"v":427.0,"Time":"2020-12-02T17:30:00Z","Interval":"5min","Figi":"BBG000BXRPH1"}
{"o":104.55,"c":104.6,"h":104.64,"l":104.55,"v":723.0,"Time":"2020-12-02T17:30:00Z","Interval":"5min","Figi":"BBG000BXRPH1"}
{"o":104.55,"c":104.6,"h":104.64,"l":104.55,"v":1323.0,"Time":"2020-12-02T17:30:00Z","Interval":"5min","Figi":"BBG000BXRPH1"}
{"o":104.55,"c":104.62,"h":104.64,"l":104.55,"v":1823.0,"Time":"2020-12-02T17:30:00Z","Interval":"5min","Figi":"BBG000BXRPH1"}
{"o":104.55,"c":104.64,"h":104.64,"l":104.55,"v":2143.0,"Time":"2020-12-02T17:30:00Z","Interval":"5min","Figi":"BBG000BXRPH1"}
{"o":104.55,"c":104.64,"h":104.64,"l":104.55,"v":2149.0,"Time":"2020-12-02T17:30:00Z","Interval":"5min","Figi":"BBG000BXRPH1"}
{"o":104.55,"c":104.66,"h":104.66,"l":104.55,"v":2153.0,"Time":"2020-12-02T17:30:00Z","Interval":"5min","Figi":"BBG000BXRPH1"}
{"o":104.55,"c":104.66,"h":104.66,"l":104.55,"v":2230.0,"Time":"2020-12-02T17:30:00Z","Interval":"5min","Figi":"BBG000BXRPH1"}
{"o":104.55,"c":104.67,"h":104.67,"l":104.55,"v":2252.0,"Time":"2020-12-02T17:30:00Z","Interval":"5min","Figi":"BBG000BXRPH1"}
{"o":104.55,"c":104.7,"h":104.7,"l":104.55,"v":2352.0,"Time":"2020-12-02T17:30:00Z","Interval":"5min","Figi":"BBG000BXRPH1"}
{"o":104.55,"c":104.73,"h":104.73,"l":104.55,"v":2367.0,"Time":"2020-12-02T17:30:00Z","Interval":"5min","Figi":"BBG000BXRPH1"}
{"o":104.55,"c":104.73,"h":104.73,"l":104.55,"v":2452.0,"Time":"2020-12-02T17:30:00Z","Interval":"5min","Figi":"BBG000BXRPH1"}
{"o":104.55,"c":104.81,"h":104.81,"l":104.55,"v":2474.0,"Time":"2020-12-02T17:30:00Z","Interval":"5min","Figi":"BBG000BXRPH1"}
{"o":104.55,"c":104.84,"h":104.84,"l":104.55,"v":2500.0,"Time":"2020-12-02T17:30:00Z","Interval":"5min","Figi":"BBG000BXRPH1"}
{"o":104.55,"c":104.81,"h":104.84,"l":104.55,"v":2540.0,"Time":"2020-12-02T17:30:00Z","Interval":"5min","Figi":"BBG000BXRPH1"}
{"o":104.55,"c":104.84,"h":104.84,"l":104.55,"v":2548.0,"Time":"2020-12-02T17:30:00Z","Interval":"5min","Figi":"BBG000BXRPH1"}
{"o":104.55,"c":104.84,"h":104.84,"l":104.55,"v":2678.0,"Time":"2020-12-02T17:30:00Z","Interval":"5min","Figi":"BBG000BXRPH1"}
{"o":104.55,"c":104.84,"h":104.84,"l":104.55,"v":3178.0,"Time":"2020-12-02T17:30:00Z","Interval":"5min","Figi":"BBG000BXRPH1"}
{"o":104.55,"c":104.8,"h":104.84,"l":104.55,"v":3499.0,"Time":"2020-12-02T17:30:00Z","Interval":"5min","Figi":"BBG000BXRPH1"}
{"o":104.55,"c":104.8,"h":104.84,"l":104.55,"v":3719.0,"Time":"2020-12-02T17:30:00Z","Interval":"5min","Figi":"BBG000BXRPH1"}
{"o":104.55,"c":104.78,"h":104.84,"l":104.55,"v":3814.0,"Time":"2020-12-02T17:30:00Z","Interval":"5min","Figi":"BBG000BXRPH1"}
{"o":104.55,"c":104.8,"h":104.84,"l":104.55,"v":3938.0,"Time":"2020-12-02T17:30:00Z","Interval":"5min","Figi":"BBG000BXRPH1"}
{"o":104.55,"c":104.83,"h":104.84,"l":104.55,"v":4174.0,"Time":"2020-12-02T17:30:00Z","Interval":"5min","Figi":"BBG000BXRPH1"}
{"o":104.55,"c":104.92,"h":104.92,"l":104.55,"v":4181.0,"Time":"2020-12-02T17:30:00Z","Interval":"5min","Figi":"BBG000BXRPH1"}
{"o":104.55,"c":104.92,"h":104.92,"l":104.55,"v":4188.0,"Time":"2020-12-02T17:30:00Z","Interval":"5min","Figi":"BBG000BXRPH1"}
{"o":104.55,"c":104.94,"h":104.94,"l":104.55,"v":4189.0,"Time":"2020-12-02T17:30:00Z","Interval":"5min","Figi":"BBG000BXRPH1"}
{"o":104.55,"c":104.86,"h":104.94,"l":104.55,"v":4292.0,"Time":"2020-12-02T17:30:00Z","Interval":"5min","Figi":"BBG000BXRPH1"}
{"o":104.55,"c":104.84,"h":104.94,"l":104.55,"v":4312.0,"Time":"2020-12-02T17:30:00Z","Interval":"5min","Figi":"BBG000BXRPH1"}
{"o":104.55,"c":104.79,"h":104.94,"l":104.55,"v":4317.0,"Time":"2020-12-02T17:30:00Z","Interval":"5min","Figi":"BBG000BXRPH1"}
{"o":104.55,"c":104.83,"h":104.94,"l":104.55,"v":4417.0,"Time":"2020-12-02T17:30:00Z","Interval":"5min","Figi":"BBG000BXRPH1"}
{"o":104.55,"c":104.8,"h":104.94,"l":104.55,"v":4419.0,"Time":"2020-12-02T17:30:00Z","Interval":"5min","Figi":"BBG000BXRPH1"}
{"o":104.55,"c":104.8,"h":104.94,"l":104.55,"v":4514.0,"Time":"2020-12-02T17:30:00Z","Interval":"5min","Figi":"BBG000BXRPH1"}
{"o":104.55,"c":104.79,"h":104.94,"l":104.55,"v":4614.0,"Time":"2020-12-02T17:30:00Z","Interval":"5min","Figi":"BBG000BXRPH1"}
{"o":104.55,"c":104.88,"h":104.94,"l":104.55,"v":4715.0,"Time":"2020-12-02T17:30:00Z","Interval":"5min","Figi":"BBG000BXRPH1"}
{"o":104.55,"c":104.88,"h":104.94,"l":104.55,"v":4717.0,"Time":"2020-12-02T17:30:00Z","Interval":"5min","Figi":"BBG000BXRPH1"}
{"o":104.55,"c":104.87,"h":104.94,"l":104.55,"v":4817.0,"Time":"2020-12-02T17:30:00Z","Interval":"5min","Figi":"BBG000BXRPH1"}
{"o":104.55,"c":104.84,"h":104.94,"l":104.55,"v":4818.0,"Time":"2020-12-02T17:30:00Z","Interval":"5min","Figi":"BBG000BXRPH1"}
{"o":104.55,"c":104.81,"h":104.94,"l":104.55,"v":4928.0,"Time":"2020-12-02T17:30:00Z","Interval":"5min","Figi":"BBG000BXRPH1"}
{"o":104.76,"c":104.76,"h":104.76,"l":104.76,"v":200.0,"Time":"2020-12-02T17:35:00Z","Interval":"5min","Figi":"BBG000BXRPH1"}
{"o":104.76,"c":104.75,"h":104.76,"l":104.75,"v":300.0,"Time":"2020-12-02T17:35:00Z","Interval":"5min","Figi":"BBG000BXRPH1"}
{"o":104.76,"c":104.74,"h":104.76,"l":104.74,"v":400.0,"Time":"2020-12-02T17:35:00Z","Interval":"5min","Figi":"BBG000BXRPH1"}
{"o":104.76,"c":104.74,"h":104.76,"l":104.74,"v":408.0,"Time":"2020-12-02T17:35:00Z","Interval":"5min","Figi":"BBG000BXRPH1"}
{"o":104.76,"c":104.68,"h":104.76,"l":104.68,"v":409.0,"Time":"2020-12-02T17:35:00Z","Interval":"5min","Figi":"BBG000BXRPH1"}
{"o":104.76,"c":104.63,"h":104.76,"l":104.63,"v":433.0,"Time":"2020-12-02T17:35:00Z","Interval":"5min","Figi":"BBG000BXRPH1"}
{"o":104.76,"c":104.62,"h":104.76,"l":104.62,"v":478.0,"Time":"2020-12-02T17:35:00Z","Interval":"5min","Figi":"BBG000BXRPH1"}
{"o":104.76,"c":104.63,"h":104.76,"l":104.62,"v":479.0,"Time":"2020-12-02T17:35:00Z","Interval":"5min","Figi":"BBG000BXRPH1"}
{"o":104.76,"c":104.65,"h":104.76,"l":104.62,"v":499.0,"Time":"2020-12-02T17:35:00Z","Interval":"5min","Figi":"BBG000BXRPH1"}
{"o":104.76,"c":104.65,"h":104.76,"l":104.62,"v":500.0,"Time":"2020-12-02T17:35:00Z","Interval":"5min","Figi":"BBG000BXRPH1"}
{"o":104.76,"c":104.67,"h":104.76,"l":104.62,"v":600.0,"Time":"2020-12-02T17:35:00Z","Interval":"5min","Figi":"BBG000BXRPH1"}
{"o":104.76,"c":104.61,"h":104.76,"l":104.61,"v":602.0,"Time":"2020-12-02T17:35:00Z","Interval":"5min","Figi":"BBG000BXRPH1"}
{"o":104.76,"c":104.66,"h":104.76,"l":104.61,"v":603.0,"Time":"2020-12-02T17:35:00Z","Interval":"5min","Figi":"BBG000BXRPH1"}
{"o":104.76,"c":104.7,"h":104.76,"l":104.61,"v":703.0,"Time":"2020-12-02T17:35:00Z","Interval":"5min","Figi":"BBG000BXRPH1"}
{"o":104.76,"c":104.72,"h":104.76,"l":104.61,"v":753.0,"Time":"2020-12-02T17:35:00Z","Interval":"5min","Figi":"BBG000BXRPH1"}
{"o":104.76,"c":104.74,"h":104.76,"l":104.61,"v":754.0,"Time":"2020-12-02T17:35:00Z","Interval":"5min","Figi":"BBG000BXRPH1"}
{"o":104.76,"c":104.76,"h":104.76,"l":104.61,"v":817.0,"Time":"2020-12-02T17:35:00Z","Interval":"5min","Figi":"BBG000BXRPH1"}
{"o":104.76,"c":104.74,"h":104.76,"l":104.61,"v":831.0,"Time":"2020-12-02T17:35:00Z","Interval":"5min","Figi":"BBG000BXRPH1"}
{"o":104.76,"c":104.76,"h":104.76,"l":104.61,"v":832.0,"Time":"2020-12-02T17:35:00Z","Interval":"5min","Figi":"BBG000BXRPH1"}
{"o":104.76,"c":104.76,"h":104.76,"l":104.61,"v":969.0,"Time":"2020-12-02T17:35:00Z","Interval":"5min","Figi":"BBG000BXRPH1"}
{"o":104.76,"c":104.77,"h":104.77,"l":104.61,"v":1069.0,"Time":"2020-12-02T17:35:00Z","Interval":"5min","Figi":"BBG000BXRPH1"}
{"o":104.76,"c":104.75,"h":104.77,"l":104.61,"v":1080.0,"Time":"2020-12-02T17:35:00Z","Interval":"5min","Figi":"BBG000BXRPH1"}
{"o":104.76,"c":104.74,"h":104.77,"l":104.61,"v":1081.0,"Time":"2020-12-02T17:35:00Z","Interval":"5min","Figi":"BBG000BXRPH1"}
{"o":104.76,"c":104.77,"h":104.77,"l":104.61,"v":1101.0,"Time":"2020-12-02T17:35:00Z","Interval":"5min","Figi":"BBG000BXRPH1"}
{"o":104.76,"c":104.73,"h":104.77,"l":104.61,"v":1104.0,"Time":"2020-12-02T17:35:00Z","Interval":"5min","Figi":"BBG000BXRPH1"}
{"o":104.76,"c":104.73,"h":104.77,"l":104.61,"v":1112.0,"Time":"2020-12-02T17:35:00Z","Interval":"5min","Figi":"BBG000BXRPH1"}
{"o":104.76,"c":104.82,"h":104.82,"l":104.61,"v":1113.0,"Time":"2020-12-02T17:35:00Z","Interval":"5min","Figi":"BBG000BXRPH1"}
{"o":104.76,"c":104.82,"h":104.82,"l":104.61,"v":1168.0,"Time":"2020-12-02T17:35:00Z","Interval":"5min","Figi":"BBG000BXRPH1"}
{"o":104.76,"c":104.83,"h":104.83,"l":104.61,"v":1201.0,"Time":"2020-12-02T17:35:00Z","Interval":"5min","Figi":"BBG000BXRPH1"}
{"o":104.76,"c":104.82,"h":104.83,"l":104.61,"v":1202.0,"Time":"2020-12-02T17:35:00Z","Interval":"5min","Figi":"BBG000BXRPH1"}
{"o":104.76,"c":104.77,"h":104.83,"l":104.61,"v":1302.0,"Time":"2020-12-02T17:35:00Z","Interval":"5min","Figi":"BBG000BXRPH1"}
{"o":104.76,"c":104.63,"h":104.83,"l":104.61,"v":1403.0,"Time":"2020-12-02T17:35:00Z","Interval":"5min","Figi":"BBG000BXRPH1"}
{"o":104.76,"c":104.65,"h":104.83,"l":104.61,"v":1503.0,"Time":"2020-12-02T17:35:00Z","Interval":"5min","Figi":"BBG000BXRPH1"}
{"o":104.66,"c":104.66,"h":104.66,"l":104.66,"v":100.0,"Time":"2020-12-02T17:40:00Z","Interval":"5min","Figi":"BBG000BXRPH1"}
{"o":104.66,"c":104.7,"h":104.7,"l":104.66,"v":276.0,"Time":"2020-12-02T17:40:00Z","Interval":"5min","Figi":"BBG000BXRPH1"}
{"o":104.66,"c":104.65,"h":104.7,"l":104.65,"v":277.0,"Time":"2020-12-02T17:40:00Z","Interval":"5min","Figi":"BBG000BXRPH1"}
{"o":104.66,"c":104.75,"h":104.75,"l":104.65,"v":284.0,"Time":"2020-12-02T17:40:00Z","Interval":"5min","Figi":"BBG000BXRPH1"}
{"o":104.66,"c":104.69,"h":104.75,"l":104.65,"v":384.0,"Time":"2020-12-02T17:40:00Z","Interval":"5min","Figi":"BBG000BXRPH1"}
{"o":104.66,"c":104.65,"h":104.75,"l":104.65,"v":490.0,"Time":"2020-12-02T17:40:00Z","Interval":"5min","Figi":"BBG000BXRPH1"}
{"o":104.66,"c":104.56,"h":104.75,"l":104.56,"v":590.0,"Time":"2020-12-02T17:40:00Z","Interval":"5min","Figi":"BBG000BXRPH1"}
{"o":104.66,"c":104.5,"h":104.75,"l":104.5,"v":593.0,"Time":"2020-12-02T17:40:00Z","Interval":"5min","Figi":"BBG000BXRPH1"}
{"o":104.66,"c":104.49,"h":104.75,"l":104.49,"v":627.0,"Time":"2020-12-02T17:40:00Z","Interval":"5min","Figi":"BBG000BXRPH1"}
{"o":104.66,"c":104.53,"h":104.75,"l":104.49,"v":652.0,"Time":"2020-12-02T17:40:00Z","Interval":"5min","Figi":"BBG000BXRPH1"}
{"o":104.66,"c":104.59,"h":104.75,"l":104.49,"v":856.0,"Time":"2020-12-02T17:40:00Z","Interval":"5min","Figi":"BBG000BXRPH1"}
{"o":104.66,"c":104.59,"h":104.75,"l":104.49,"v":859.0,"Time":"2020-12-02T17:40:00Z","Interval":"5min","Figi":"BBG000BXRPH1"}
{"o":104.66,"c":104.56,"h":104.75,"l":104.49,"v":914.0,"Time":"2020-12-02T17:40:00Z","Interval":"5min","Figi":"BBG000BXRPH1"}
{"o":104.66,"c":104.51,"h":104.75,"l":104.49,"v":1115.0,"Time":"2020-12-02T17:40:00Z","Interval":"5min","Figi":"BBG000BXRPH1"}
{"o":104.66,"c":104.5,"h":104.75,"l":104.49,"v":1224.0,"Time":"2020-12-02T17:40:00Z","Interval":"5min","Figi":"BBG000BXRPH1"}
{"o":104.66,"c":104.46,"h":104.75,"l":104.46,"v":1324.0,"Time":"2020-12-02T17:40:00Z","Interval":"5min","Figi":"BBG000BXRPH1"}
{"o":104.66,"c":104.43,"h":104.75,"l":104.43,"v":1342.0,"Time":"2020-12-02T17:40:00Z","Interval":"5min","Figi":"BBG000BXRPH1"}
{"o":104.66,"c":104.5,"h":104.75,"l":104.43,"v":1442.0,"Time":"2020-12-02T17:40:00Z","Interval":"5min","Figi":"BBG000BXRPH1"}
{"o":104.66,"c":104.51,"h":104.75,"l":104.43,"v":1487.0,"Time":"2020-12-02T17:40:00Z","Interval":"5min","Figi":"BBG000BXRPH1"}
{"o":104.66,"c":104.53,"h":104.75,"l":104.43,"v":1525.0,"Time":"2020-12-02T17:40:00Z","Interval":"5min","Figi":"BBG000BXRPH1"}
{"o":104.66,"c":104.56,"h":104.75,"l":104.43,"v":1625.0,"Time":"2020-12-02T17:40:00Z","Interval":"5min","Figi":"BBG000BXRPH1"}
{"o":104.66,"c":104.53,"h":104.75,"l":104.43,"v":1627.0,"Time":"2020-12-02T17:40:00Z","Interval":"5min","Figi":"BBG000BXRPH1"}
{"o":104.56,"c":104.56,"h":104.56,"l":104.56,"v":1.0,"Time":"2020-12-02T17:45:00Z","Interval":"5min","Figi":"BBG000BXRPH1"}
{"o":104.56,"c":104.56,"h":104.56,"l":104.56,"v":101.0,"Time":"2020-12-02T17:45:00Z","Interval":"5min","Figi":"BBG000BXRPH1"}
{"o":104.56,"c":104.53,"h":104.56,"l":104.48,"v":620.0,"Time":"2020-12-02T17:45:00Z","Interval":"5min","Figi":"BBG000BXRPH1"}
{"o":104.56,"c":104.46,"h":104.56,"l":104.46,"v":720.0,"Time":"2020-12-02T17:45:00Z","Interval":"5min","Figi":"BBG000BXRPH1"}
{"o":104.56,"c":104.4,"h":104.56,"l":104.4,"v":771.0,"Time":"2020-12-02T17:45:00Z","Interval":"5min","Figi":"BBG000BXRPH1"}
{"o":104.56,"c":104.44,"h":104.56,"l":104.4,"v":871.0,"Time":"2020-12-02T17:45:00Z","Interval":"5min","Figi":"BBG000BXRPH1"}
{"o":104.56,"c":104.3,"h":104.56,"l":104.3,"v":898.0,"Time":"2020-12-02T17:45:00Z","Interval":"5min","Figi":"BBG000BXRPH1"}
{"o":104.56,"c":104.22,"h":104.56,"l":104.22,"v":918.0,"Time":"2020-12-02T17:45:00Z","Interval":"5min","Figi":"BBG000BXRPH1"}
{"o":104.56,"c":104.22,"h":104.56,"l":104.19,"v":1068.0,"Time":"2020-12-02T17:45:00Z","Interval":"5min","Figi":"BBG000BXRPH1"}
{"o":104.56,"c":104.14,"h":104.56,"l":104.14,"v":1169.0,"Time":"2020-12-02T17:45:00Z","Interval":"5min","Figi":"BBG000BXRPH1"}
{"o":104.56,"c":104.21,"h":104.56,"l":104.14,"v":1176.0,"Time":"2020-12-02T17:45:00Z","Interval":"5min","Figi":"BBG000BXRPH1"}
{"o":104.56,"c":104.22,"h":104.56,"l":104.14,"v":1306.0,"Time":"2020-12-02T17:45:00Z","Interval":"5min","Figi":"BBG000BXRPH1"}
{"o":104.56,"c":104.22,"h":104.56,"l":104.14,"v":1377.0,"Time":"2020-12-02T17:45:00Z","Interval":"5min","Figi":"BBG000BXRPH1"}
{"o":104.56,"c":104.22,"h":104.56,"l":104.14,"v":1442.0,"Time":"2020-12-02T17:45:00Z","Interval":"5min","Figi":"BBG000BXRPH1"}
{"o":104.56,"c":104.19,"h":104.56,"l":104.14,"v":1452.0,"Time":"2020-12-02T17:45:00Z","Interval":"5min","Figi":"BBG000BXRPH1"}
{"o":104.56,"c":104.26,"h":104.56,"l":104.14,"v":1457.0,"Time":"2020-12-02T17:45:00Z","Interval":"5min","Figi":"BBG000BXRPH1"}
{"o":104.56,"c":104.17,"h":104.56,"l":104.14,"v":1656.0,"Time":"2020-12-02T17:45:00Z","Interval":"5min","Figi":"BBG000BXRPH1"}
{"o":104.56,"c":104.18,"h":104.56,"l":104.14,"v":1756.0,"Time":"2020-12-02T17:45:00Z","Interval":"5min","Figi":"BBG000BXRPH1"}
{"o":104.56,"c":104.17,"h":104.56,"l":104.14,"v":1855.0,"Time":"2020-12-02T17:45:00Z","Interval":"5min","Figi":"BBG000BXRPH1"}
{"o":104.56,"c":104.17,"h":104.56,"l":104.14,"v":2055.0,"Time":"2020-12-02T17:45:00Z","Interval":"5min","Figi":"BBG000BXRPH1"}
{"o":104.56,"c":104.18,"h":104.56,"l":104.14,"v":2142.0,"Time":"2020-12-02T17:45:00Z","Interval":"5min","Figi":"BBG000BXRPH1"}
{"o":104.56,"c":104.18,"h":104.56,"l":104.14,"v":2158.0,"Time":"2020-12-02T17:45:00Z","Interval":"5min","Figi":"BBG000BXRPH1"}
{"o":104.56,"c":104.17,"h":104.56,"l":104.14,"v":2358.0,"Time":"2020-12-02T17:45:00Z","Interval":"5min","Figi":"BBG000BXRPH1"}
{"o":104.56,"c":104.12,"h":104.56,"l":104.12,"v":2658.0,"Time":"2020-12-02T17:45:00Z","Interval":"5min","Figi":"BBG000BXRPH1"}
{"o":104.56,"c":104.2,"h":104.56,"l":104.12,"v":2711.0,"Time":"2020-12-02T17:45:00Z","Interval":"5min","Figi":"BBG000BXRPH1"}
{"o":104.56,"c":104.26,"h":104.56,"l":104.12,"v":2741.0,"Time":"2020-12-02T17:45:00Z","Interval":"5min","Figi":"BBG000BXRPH1"}
{"o":104.56,"c":104.26,"h":104.56,"l":104.12,"v":2754.0,"Time":"2020-12-02T17:45:00Z","Interval":"5min","Figi":"BBG000BXRPH1"}
{"o":104.56,"c":104.26,"h":104.56,"l":104.12,"v":2815.0,"Time":"2020-12-02T17:45:00Z","Interval":"5min","Figi":"BBG000BXRPH1"}
{"o":104.56,"c":104.26,"h":104.56,"l":104.12,"v":2816.0,"Time":"2020-12-02T17:45:00Z","Interval":"5min","Figi":"BBG000BXRPH1"}
{"o":104.56,"c":104.26,"h":104.56,"l":104.12,"v":2879.0,"Time":"2020-12-02T17:45:00Z","Interval":"5min","Figi":"BBG000BXRPH1"}
{"o":104.56,"c":104.29,"h":104.56,"l":104.12,"v":2920.0,"Time":"2020-12-02T17:45:00Z","Interval":"5min","Figi":"BBG000BXRPH1"}
{"o":104.56,"c":104.29,"h":104.56,"l":104.12,"v":2960.0,"Time":"2020-12-02T17:45:00Z","Interval":"5min","Figi":"BBG000BXRPH1"}
{"o":104.56,"c":104.29,"h":104.56,"l":104.12,"v":2979.0,"Time":"2020-12-02T17:45:00Z","Interval":"5min","Figi":"BBG000BXRPH1"}
{"o":104.56,"c":104.26,"h":104.56,"l":104.12,"v":3078.0,"Time":"2020-12-02T17:45:00Z","Interval":"5min","Figi":"BBG000BXRPH1"}
{"o":104.56,"c":104.31,"h":104.56,"l":104.12,"v":3081.0,"Time":"2020-12-02T17:45:00Z","Interval":"5min","Figi":"BBG000BXRPH1"}
{"o":104.56,"c":104.31,"h":104.56,"l":104.12,"v":3187.0,"Time":"2020-12-02T17:45:00Z","Interval":"5min","Figi":"BBG000BXRPH1"}
{"o":104.56,"c":104.26,"h":104.56,"l":104.12,"v":3188.0,"Time":"2020-12-02T17:45:00Z","Interval":"5min","Figi":"BBG000BXRPH1"}
{"o":104.56,"c":104.22,"h":104.56,"l":104.12,"v":3218.0,"Time":"2020-12-02T17:45:00Z","Interval":"5min","Figi":"BBG000BXRPH1"}
{"o":104.56,"c":104.27,"h":104.56,"l":104.12,"v":3245.0,"Time":"2020-12-02T17:45:00Z","Interval":"5min","Figi":"BBG000BXRPH1"}
{"o":104.56,"c":104.22,"h":104.56,"l":104.12,"v":3348.0,"Time":"2020-12-02T17:45:00Z","Interval":"5min","Figi":"BBG000BXRPH1"}
{"o":104.56,"c":104.24,"h":104.56,"l":104.12,"v":3398.0,"Time":"2020-12-02T17:45:00Z","Interval":"5min","Figi":"BBG000BXRPH1"}
{"o":104.56,"c":104.24,"h":104.56,"l":104.12,"v":3448.0,"Time":"2020-12-02T17:45:00Z","Interval":"5min","Figi":"BBG000BXRPH1"}
{"o":104.56,"c":104.24,"h":104.56,"l":104.12,"v":3473.0,"Time":"2020-12-02T17:45:00Z","Interval":"5min","Figi":"BBG000BXRPH1"}
{"o":104.56,"c":104.21,"h":104.56,"l":104.12,"v":4173.0,"Time":"2020-12-02T17:45:00Z","Interval":"5min","Figi":"BBG000BXRPH1"}
{"o":104.56,"c":104.21,"h":104.56,"l":104.12,"v":4175.0,"Time":"2020-12-02T17:45:00Z","Interval":"5min","Figi":"BBG000BXRPH1"}
{"o":104.56,"c":104.37,"h":104.56,"l":104.12,"v":4234.0,"Time":"2020-12-02T17:45:00Z","Interval":"5min","Figi":"BBG000BXRPH1"}
{"o":104.56,"c":104.34,"h":104.56,"l":104.12,"v":4240.0,"Time":"2020-12-02T17:45:00Z","Interval":"5min","Figi":"BBG000BXRPH1"}
{"o":104.56,"c":104.34,"h":104.56,"l":104.12,"v":4340.0,"Time":"2020-12-02T17:45:00Z","Interval":"5min","Figi":"BBG000BXRPH1"}
{"o":104.56,"c":104.33,"h":104.56,"l":104.12,"v":4661.0,"Time":"2020-12-02T17:45:00Z","Interval":"5min","Figi":"BBG000BXRPH1"}
{"o":104.56,"c":104.32,"h":104.56,"l":104.12,"v":4701.0,"Time":"2020-12-02T17:45:00Z","Interval":"5min","Figi":"BBG000BXRPH1"}
{"o":104.56,"c":104.31,"h":104.56,"l":104.12,"v":4741.0,"Time":"2020-12-02T17:45:00Z","Interval":"5min","Figi":"BBG000BXRPH1"}
{"o":104.56,"c":104.3,"h":104.56,"l":104.12,"v":5141.0,"Time":"2020-12-02T17:45:00Z","Interval":"5min","Figi":"BBG000BXRPH1"}
{"o":104.56,"c":104.3,"h":104.56,"l":104.12,"v":5241.0,"Time":"2020-12-02T17:45:00Z","Interval":"5min","Figi":"BBG000BXRPH1"}
{"o":104.56,"c":104.2,"h":104.56,"l":104.12,"v":5641.0,"Time":"2020-12-02T17:45:00Z","Interval":"5min","Figi":"BBG000BXRPH1"}
{"o":104.56,"c":104.16,"h":104.56,"l":104.12,"v":5741.0,"Time":"2020-12-02T17:45:00Z","Interval":"5min","Figi":"BBG000BXRPH1"}
{"o":104.56,"c":104.19,"h":104.56,"l":104.12,"v":5841.0,"Time":"2020-12-02T17:45:00Z","Interval":"5min","Figi":"BBG000BXRPH1"}
{"o":104.56,"c":104.28,"h":104.56,"l":104.12,"v":5849.0,"Time":"2020-12-02T17:45:00Z","Interval":"5min","Figi":"BBG000BXRPH1"}
{"o":104.56,"c":104.19,"h":104.56,"l":104.12,"v":5850.0,"Time":"2020-12-02T17:45:00Z","Interval":"5min","Figi":"BBG000BXRPH1"}
{"o":104.56,"c":104.19,"h":104.56,"l":104.12,"v":5950.0,"Time":"2020-12-02T17:45:00Z","Interval":"5min","Figi":"BBG000BXRPH1"}
{"o":104.24,"c":104.24,"h":104.24,"l":104.24,"v":100.0,"Time":"2020-12-02T17:50:00Z","Interval":"5min","Figi":"BBG000BXRPH1"}
{"o":104.24,"c":104.24,"h":104.24,"l":104.24,"v":113.0,"Time":"2020-12-02T17:50:00Z","Interval":"5min","Figi":"BBG000BXRPH1"}
{"o":104.24,"c":104.27,"h":104.27,"l":104.24,"v":199.0,"Time":"2020-12-02T17:50:00Z","Interval":"5min","Figi":"BBG000BXRPH1"}
{"o":104.24,"c":104.25,"h":104.25,"l":104.24,"v":120.0,"Time":"2020-12-02T17:50:00Z","Interval":"5min","Figi":"BBG000BXRPH1"}
{"o":104.24,"c":104.27,"h":104.27,"l":104.24,"v":208.0,"Time":"2020-12-02T17:50:00Z","Interval":"5min","Figi":"BBG000BXRPH1"}
{"o":104.24,"c":104.21,"h":104.27,"l":104.21,"v":211.0,"Time":"2020-12-02T17:50:00Z","Interval":"5min","Figi":"BBG000BXRPH1"}
{"o":104.24,"c":104.26,"h":104.27,"l":104.21,"v":511.0,"Time":"2020-12-02T17:50:00Z","Interval":"5min","Figi":"BBG000BXRPH1"}
{"o":104.24,"c":104.31,"h":104.31,"l":104.21,"v":513.0,"Time":"2020-12-02T17:50:00Z","Interval":"5min","Figi":"BBG000BXRPH1"}
{"o":104.24,"c":104.3,"h":104.31,"l":104.21,"v":533.0,"Time":"2020-12-02T17:50:00Z","Interval":"5min","Figi":"BBG000BXRPH1"}
{"o":104.24,"c":104.35,"h":104.35,"l":104.21,"v":787.0,"Time":"2020-12-02T17:50:00Z","Interval":"5min","Figi":"BBG000BXRPH1"}
{"o":104.24,"c":104.33,"h":104.35,"l":104.21,"v":916.0,"Time":"2020-12-02T17:50:00Z","Interval":"5min","Figi":"BBG000BXRPH1"}
{"o":104.24,"c":104.37,"h":104.37,"l":104.21,"v":917.0,"Time":"2020-12-02T17:50:00Z","Interval":"5min","Figi":"BBG000BXRPH1"}
{"o":104.24,"c":104.43,"h":104.43,"l":104.21,"v":966.0,"Time":"2020-12-02T17:50:00Z","Interval":"5min","Figi":"BBG000BXRPH1"}
{"o":104.24,"c":104.41,"h":104.43,"l":104.21,"v":1366.0,"Time":"2020-12-02T17:50:00Z","Interval":"5min","Figi":"BBG000BXRPH1"}
{"o":104.24,"c":104.37,"h":104.43,"l":104.21,"v":1382.0,"Time":"2020-12-02T17:50:00Z","Interval":"5min","Figi":"BBG000BXRPH1"}
{"o":104.24,"c":104.34,"h":104.43,"l":104.21,"v":1422.0,"Time":"2020-12-02T17:50:00Z","Interval":"5min","Figi":"BBG000BXRPH1"}
{"o":104.24,"c":104.32,"h":104.43,"l":104.21,"v":1440.0,"Time":"2020-12-02T17:50:00Z","Interval":"5min","Figi":"BBG000BXRPH1"}
{"o":104.24,"c":104.26,"h":104.43,"l":104.21,"v":1493.0,"Time":"2020-12-02T17:50:00Z","Interval":"5min","Figi":"BBG000BXRPH1"}
{"o":104.24,"c":104.19,"h":104.43,"l":104.19,"v":1643.0,"Time":"2020-12-02T17:50:00Z","Interval":"5min","Figi":"BBG000BXRPH1"}
{"o":104.24,"c":104.24,"h":104.43,"l":104.19,"v":1842.0,"Time":"2020-12-02T17:50:00Z","Interval":"5min","Figi":"BBG000BXRPH1"}
{"o":104.24,"c":104.25,"h":104.43,"l":104.19,"v":2252.0,"Time":"2020-12-02T17:50:00Z","Interval":"5min","Figi":"BBG000BXRPH1"}
{"o":104.24,"c":104.29,"h":104.43,"l":104.19,"v":2372.0,"Time":"2020-12-02T17:50:00Z","Interval":"5min","Figi":"BBG000BXRPH1"}
{"o":104.24,"c":104.37,"h":104.43,"l":104.19,"v":2472.0,"Time":"2020-12-02T17:50:00Z","Interval":"5min","Figi":"BBG000BXRPH1"}
{"o":104.24,"c":104.37,"h":104.43,"l":104.19,"v":2485.0,"Time":"2020-12-02T17:50:00Z","Interval":"5min","Figi":"BBG000BXRPH1"}
{"o":104.24,"c":104.39,"h":104.43,"l":104.19,"v":2525.0,"Time":"2020-12-02T17:50:00Z","Interval":"5min","Figi":"BBG000BXRPH1"}
{"o":104.24,"c":104.39,"h":104.43,"l":104.19,"v":2538.0,"Time":"2020-12-02T17:50:00Z","Interval":"5min","Figi":"BBG000BXRPH1"}
{"o":104.24,"c":104.39,"h":104.43,"l":104.19,"v":2543.0,"Time":"2020-12-02T17:50:00Z","Interval":"5min","Figi":"BBG000BXRPH1"}
{"o":104.24,"c":104.39,"h":104.43,"l":104.19,"v":2585.0,"Time":"2020-12-02T17:50:00Z","Interval":"5min","Figi":"BBG000BXRPH1"}
{"o":104.24,"c":104.39,"h":104.43,"l":104.19,"v":2685.0,"Time":"2020-12-02T17:50:00Z","Interval":"5min","Figi":"BBG000BXRPH1"}
{"o":104.24,"c":104.42,"h":104.43,"l":104.19,"v":2785.0,"Time":"2020-12-02T17:50:00Z","Interval":"5min","Figi":"BBG000BXRPH1"}
{"o":104.24,"c":104.43,"h":104.43,"l":104.19,"v":2875.0,"Time":"2020-12-02T17:50:00Z","Interval":"5min","Figi":"BBG000BXRPH1"}
{"o":104.24,"c":104.43,"h":104.43,"l":104.19,"v":3065.0,"Time":"2020-12-02T17:50:00Z","Interval":"5min","Figi":"BBG000BXRPH1"}
{"o":104.24,"c":104.43,"h":104.43,"l":104.19,"v":3075.0,"Time":"2020-12-02T17:50:00Z","Interval":"5min","Figi":"BBG000BXRPH1"}
{"o":104.24,"c":104.41,"h":104.43,"l":104.19,"v":3100.0,"Time":"2020-12-02T17:50:00Z","Interval":"5min","Figi":"BBG000BXRPH1"}
{"o":104.24,"c":104.4,"h":104.43,"l":104.19,"v":3102.0,"Time":"2020-12-02T17:50:00Z","Interval":"5min","Figi":"BBG000BXRPH1"}
{"o":104.24,"c":104.4,"h":104.43,"l":104.19,"v":3109.0,"Time":"2020-12-02T17:50:00Z","Interval":"5min","Figi":"BBG000BXRPH1"}
{"o":104.24,"c":104.4,"h":104.43,"l":104.19,"v":3125.0,"Time":"2020-12-02T17:50:00Z","Interval":"5min","Figi":"BBG000BXRPH1"}
{"o":104.24,"c":104.32,"h":104.43,"l":104.19,"v":3325.0,"Time":"2020-12-02T17:50:00Z","Interval":"5min","Figi":"BBG000BXRPH1"}
{"o":104.24,"c":104.25,"h":104.43,"l":104.19,"v":3425.0,"Time":"2020-12-02T17:50:00Z","Interval":"5min","Figi":"BBG000BXRPH1"}
{"o":104.3,"c":104.3,"h":104.3,"l":104.3,"v":5.0,"Time":"2020-12-02T17:55:00Z","Interval":"5min","Figi":"BBG000BXRPH1"}
{"o":104.3,"c":104.29,"h":104.3,"l":104.29,"v":8.0,"Time":"2020-12-02T17:55:00Z","Interval":"5min","Figi":"BBG000BXRPH1"}
{"o":104.3,"c":104.28,"h":104.3,"l":104.28,"v":408.0,"Time":"2020-12-02T17:55:00Z","Interval":"5min","Figi":"BBG000BXRPH1"}
{"o":104.3,"c":104.15,"h":104.3,"l":104.15,"v":409.0,"Time":"2020-12-02T17:55:00Z","Interval":"5min","Figi":"BBG000BXRPH1"}
{"o":104.3,"c":104.15,"h":104.3,"l":104.15,"v":410.0,"Time":"2020-12-02T17:55:00Z","Interval":"5min","Figi":"BBG000BXRPH1"}
{"o":104.3,"c":104.17,"h":104.3,"l":104.15,"v":510.0,"Time":"2020-12-02T17:55:00Z","Interval":"5min","Figi":"BBG000BXRPH1"}
{"o":104.3,"c":104.24,"h":104.3,"l":104.15,"v":557.0,"Time":"2020-12-02T17:55:00Z","Interval":"5min","Figi":"BBG000BXRPH1"}
{"o":104.3,"c":104.24,"h":104.3,"l":104.15,"v":813.0,"Time":"2020-12-02T17:55:00Z","Interval":"5min","Figi":"BBG000BXRPH1"}
{"o":104.3,"c":104.3,"h":104.3,"l":104.15,"v":814.0,"Time":"2020-12-02T17:55:00Z","Interval":"5min","Figi":"BBG000BXRPH1"}
{"o":104.3,"c":104.22,"h":104.3,"l":104.15,"v":815.0,"Time":"2020-12-02T17:55:00Z","Interval":"5min","Figi":"BBG000BXRPH1"}
{"o":104.3,"c":104.23,"h":104.3,"l":104.15,"v":937.0,"Time":"2020-12-02T17:55:00Z","Interval":"5min","Figi":"BBG000BXRPH1"}
{"o":104.3,"c":104.24,"h":104.3,"l":104.15,"v":1074.0,"Time":"2020-12-02T17:55:00Z","Interval":"5min","Figi":"BBG000BXRPH1"}
{"o":104.3,"c":104.21,"h":104.3,"l":104.15,"v":1274.0,"Time":"2020-12-02T17:55:00Z","Interval":"5min","Figi":"BBG000BXRPH1"}
{"o":104.3,"c":104.14,"h":104.3,"l":104.14,"v":1349.0,"Time":"2020-12-02T17:55:00Z","Interval":"5min","Figi":"BBG000BXRPH1"}
{"o":104.3,"c":104.14,"h":104.3,"l":104.14,"v":1374.0,"Time":"2020-12-02T17:55:00Z","Interval":"5min","Figi":"BBG000BXRPH1"}
{"o":104.3,"c":104.01,"h":104.3,"l":104.01,"v":1375.0,"Time":"2020-12-02T17:55:00Z","Interval":"5min","Figi":"BBG000BXRPH1"}
{"o":104.3,"c":104.01,"h":104.3,"l":104.01,"v":1383.0,"Time":"2020-12-02T17:55:00Z","Interval":"5min","Figi":"BBG000BXRPH1"}
{"o":104.3,"c":104.0,"h":104.3,"l":104.0,"v":1483.0,"Time":"2020-12-02T17:55:00Z","Interval":"5min","Figi":"BBG000BXRPH1"}
{"o":104.3,"c":104.08,"h":104.3,"l":104.0,"v":1484.0,"Time":"2020-12-02T17:55:00Z","Interval":"5min","Figi":"BBG000BXRPH1"}
{"o":104.3,"c":104.09,"h":104.3,"l":104.0,"v":1666.0,"Time":"2020-12-02T17:55:00Z","Interval":"5min","Figi":"BBG000BXRPH1"}
{"o":104.3,"c":104.1,"h":104.3,"l":104.0,"v":1867.0,"Time":"2020-12-02T17:55:00Z","Interval":"5min","Figi":"BBG000BXRPH1"}
{"o":104.3,"c":104.1,"h":104.3,"l":104.0,"v":1967.0,"Time":"2020-12-02T17:55:00Z","Interval":"5min","Figi":"BBG000BXRPH1"}
{"o":104.18,"c":104.18,"h":104.18,"l":104.18,"v":112.0,"Time":"2020-12-02T18:00:00Z","Interval":"5min","Figi":"BBG000BXRPH1"}
{"o":104.18,"c":104.18,"h":104.18,"l":104.18,"v":212.0,"Time":"2020-12-02T18:00:00Z","Interval":"5min","Figi":"BBG000BXRPH1"}
{"o":104.18,"c":104.15,"h":104.18,"l":104.15,"v":217.0,"Time":"2020-12-02T18:00:00Z","Interval":"5min","Figi":"BBG000BXRPH1"}
{"o":104.18,"c":104.13,"h":104.18,"l":104.13,"v":242.0,"Time":"2020-12-02T18:00:00Z","Interval":"5min","Figi":"BBG000BXRPH1"}
{"o":104.18,"c":104.12,"h":104.18,"l":104.12,"v":280.0,"Time":"2020-12-02T18:00:00Z","Interval":"5min","Figi":"BBG000BXRPH1"}
{"o":104.18,"c":104.12,"h":104.18,"l":104.12,"v":439.0,"Time":"2020-12-02T18:00:00Z","Interval":"5min","Figi":"BBG000BXRPH1"}
{"o":104.18,"c":104.1,"h":104.18,"l":104.1,"v":444.0,"Time":"2020-12-02T18:00:00Z","Interval":"5min","Figi":"BBG000BXRPH1"}
{"o":104.18,"c":104.15,"h":104.18,"l":104.1,"v":556.0,"Time":"2020-12-02T18:00:00Z","Interval":"5min","Figi":"BBG000BXRPH1"}
{"o":104.18,"c":104.15,"h":104.18,"l":104.1,"v":656.0,"Time":"2020-12-02T18:00:00Z","Interval":"5min","Figi":"BBG000BXRPH1"}
{"o":104.18,"c":104.11,"h":104.18,"l":104.1,"v":715.0,"Time":"2020-12-02T18:00:00Z","Interval":"5min","Figi":"BBG000BXRPH1"}
{"o":104.18,"c":104.18,"h":104.18,"l":104.1,"v":755.0,"Time":"2020-12-02T18:00:00Z","Interval":"5min","Figi":"BBG000BXRPH1"}
{"o":104.18,"c":104.19,"h":104.19,"l":104.1,"v":835.0,"Time":"2020-12-02T18:00:00Z","Interval":"5min","Figi":"BBG000BXRPH1"}
{"o":104.18,"c":104.13,"h":104.19,"l":104.1,"v":854.0,"Time":"2020-12-02T18:00:00Z","Interval":"5min","Figi":"BBG000BXRPH1"}
{"o":104.18,"c":104.09,"h":104.19,"l":104.09,"v":954.0,"Time":"2020-12-02T18:00:00Z","Interval":"5min","Figi":"BBG000BXRPH1"}
{"o":104.18,"c":104.1,"h":104.19,"l":104.09,"v":1268.0,"Time":"2020-12-02T18:00:00Z","Interval":"5min","Figi":"BBG000BXRPH1"}
{"o":104.18,"c":104.13,"h":104.19,"l":104.09,"v":1285.0,"Time":"2020-12-02T18:00:00Z","Interval":"5min","Figi":"BBG000BXRPH1"}
{"o":104.18,"c":104.15,"h":104.19,"l":104.09,"v":1287.0,"Time":"2020-12-02T18:00:00Z","Interval":"5min","Figi":"BBG000BXRPH1"}
{"o":104.18,"c":104.13,"h":104.19,"l":104.09,"v":1388.0,"Time":"2020-12-02T18:00:00Z","Interval":"5min","Figi":"BBG000BXRPH1"}
{"o":104.18,"c":104.13,"h":104.19,"l":104.09,"v":1586.0,"Time":"2020-12-02T18:00:00Z","Interval":"5min","Figi":"BBG000BXRPH1"}
{"o":104.18,"c":104.15,"h":104.19,"l":104.09,"v":1589.0,"Time":"2020-12-02T18:00:00Z","Interval":"5min","Figi":"BBG000BXRPH1"}
{"o":104.18,"c":104.21,"h":104.21,"l":104.09,"v":1646.0,"Time":"2020-12-02T18:00:00Z","Interval":"5min","Figi":"BBG000BXRPH1"}
{"o":104.18,"c":104.21,"h":104.21,"l":104.09,"v":1649.0,"Time":"2020-12-02T18:00:00Z","Interval":"5min","Figi":"BBG000BXRPH1"}
{"o":104.18,"c":104.15,"h":104.21,"l":104.09,"v":2051.0,"Time":"2020-12-02T18:00:00Z","Interval":"5min","Figi":"BBG000BXRPH1"}
{"o":104.18,"c":104.15,"h":104.21,"l":104.09,"v":2063.0,"Time":"2020-12-02T18:00:00Z","Interval":"5min","Figi":"BBG000BXRPH1"}
{"o":104.18,"c":104.15,"h":104.21,"l":104.09,"v":2097.0,"Time":"2020-12-02T18:00:00Z","Interval":"5min","Figi":"BBG000BXRPH1"}
{"o":104.18,"c":104.15,"h":104.21,"l":104.09,"v":2134.0,"Time":"2020-12-02T18:00:00Z","Interval":"5min","Figi":"BBG000BXRPH1"}
{"o":104.18,"c":104.15,"h":104.21,"l":104.09,"v":2147.0,"Time":"2020-12-02T18:00:00Z","Interval":"5min","Figi":"BBG000BXRPH1"}
{"o":104.18,"c":104.15,"h":104.21,"l":104.09,"v":2160.0,"Time":"2020-12-02T18:00:00Z","Interval":"5min","Figi":"BBG000BXRPH1"}
{"o":104.18,"c":104.15,"h":104.21,"l":104.09,"v":2185.0,"Time":"2020-12-02T18:00:00Z","Interval":"5min","Figi":"BBG000BXRPH1"}
{"o":104.18,"c":104.15,"h":104.21,"l":104.09,"v":2285.0,"Time":"2020-12-02T18:00:00Z","Interval":"5min","Figi":"BBG000BXRPH1"}
{"o":104.18,"c":104.2,"h":104.21,"l":104.09,"v":2286.0,"Time":"2020-12-02T18:00:00Z","Interval":"5min","Figi":"BBG000BXRPH1"}
{"o":104.1,"c":104.1,"h":104.1,"l":104.1,"v":20.0,"Time":"2020-12-02T18:05:00Z","Interval":"5min","Figi":"BBG000BXRPH1"}
{"o":104.1,"c":104.06,"h":104.1,"l":104.06,"v":29.0,"Time":"2020-12-02T18:05:00Z","Interval":"5min","Figi":"BBG000BXRPH1"}
{"o":104.1,"c":104.06,"h":104.1,"l":104.06,"v":57.0,"Time":"2020-12-02T18:05:00Z","Interval":"5min","Figi":"BBG000BXRPH1"}
{"o":104.1,"c":104.06,"h":104.1,"l":104.06,"v":61.0,"Time":"2020-12-02T18:05:00Z","Interval":"5min","Figi":"BBG000BXRPH1"}
{"o":104.1,"c":104.06,"h":104.1,"l":104.06,"v":65.0,"Time":"2020-12-02T18:05:00Z","Interval":"5min","Figi":"BBG000BXRPH1"}
{"o":104.1,"c":104.06,"h":104.1,"l":104.06,"v":71.0,"Time":"2020-12-02T18:05:00Z","Interval":"5min","Figi":"BBG000BXRPH1"}
{"o":104.1,"c":104.06,"h":104.1,"l":104.06,"v":77.0,"Time":"2020-12-02T18:05:00Z","Interval":"5min","Figi":"BBG000BXRPH1"}
{"o":104.1,"c":104.13,"h":104.13,"l":104.06,"v":97.0,"Time":"2020-12-02T18:05:00Z","Interval":"5min","Figi":"BBG000BXRPH1"}
{"o":104.1,"c":104.15,"h":104.15,"l":104.06,"v":216.0,"Time":"2020-12-02T18:05:00Z","Interval":"5min","Figi":"BBG000BXRPH1"}
{"o":104.1,"c":104.17,"h":104.17,"l":104.06,"v":442.0,"Time":"2020-12-02T18:05:00Z","Interval":"5min","Figi":"BBG000BXRPH1"}
{"o":104.1,"c":104.15,"h":104.17,"l":104.06,"v":469.0,"Time":"2020-12-02T18:05:00Z","Interval":"5min","Figi":"BBG000BXRPH1"}
{"o":104.1,"c":104.17,"h":104.17,"l":104.06,"v":470.0,"Time":"2020-12-02T18:05:00Z","Interval":"5min","Figi":"BBG000BXRPH1"}
{"o":104.1,"c":104.21,"h":104.22,"l":104.06,"v":573.0,"Time":"2020-12-02T18:05:00Z","Interval":"5min","Figi":"BBG000BXRPH1"}
{"o":104.1,"c":104.2,"h":104.22,"l":104.06,"v":576.0,"Time":"2020-12-02T18:05:00Z","Interval":"5min","Figi":"BBG000BXRPH1"}
{"o":104.1,"c":104.19,"h":104.22,"l":104.06,"v":584.0,"Time":"2020-12-02T18:05:00Z","Interval":"5min","Figi":"BBG000BXRPH1"}
{"o":104.1,"c":104.25,"h":104.25,"l":104.06,"v":601.0,"Time":"2020-12-02T18:05:00Z","Interval":"5min","Figi":"BBG000BXRPH1"}
{"o":104.1,"c":104.2,"h":104.25,"l":104.06,"v":607.0,"Time":"2020-12-02T18:05:00Z","Interval":"5min","Figi":"BBG000BXRPH1"}
{"o":104.1,"c":104.18,"h":104.25,"l":104.06,"v":722.0,"Time":"2020-12-02T18:05:00Z","Interval":"5min","Figi":"BBG000BXRPH1"}
{"o":104.1,"c":104.21,"h":104.25,"l":104.06,"v":725.0,"Time":"2020-12-02T18:05:00Z","Interval":"5min","Figi":"BBG000BXRPH1"}
{"o":104.1,"c":104.25,"h":104.25,"l":104.06,"v":726.0,"Time":"2020-12-02T18:05:00Z","Interval":"5min","Figi":"BBG000BXRPH1"}
{"o":104.1,"c":104.27,"h":104.27,"l":104.06,"v":1028.0,"Time":"2020-12-02T18:05:00Z","Interval":"5min","Figi":"BBG000BXRPH1"}
{"o":104.1,"c":104.25,"h":104.27,"l":104.06,"v":1128.0,"Time":"2020-12-02T18:05:00Z","Interval":"5min","Figi":"BBG000BXRPH1"}
{"o":104.1,"c":104.22,"h":104.27,"l":104.06,"v":1144.0,"Time":"2020-12-02T18:05:00Z","Interval":"5min","Figi":"BBG000BXRPH1"}
{"o":104.1,"c":104.21,"h":104.27,"l":104.06,"v":1162.0,"Time":"2020-12-02T18:05:00Z","Interval":"5min","Figi":"BBG000BXRPH1"}
{"o":104.1,"c":104.21,"h":104.27,"l":104.06,"v":1170.0,"Time":"2020-12-02T18:05:00Z","Interval":"5min","Figi":"BBG000BXRPH1"}
{"o":104.1,"c":104.28,"h":104.28,"l":104.06,"v":1187.0,"Time":"2020-12-02T18:05:00Z","Interval":"5min","Figi":"BBG000BXRPH1"}
{"o":104.1,"c":104.28,"h":104.28,"l":104.06,"v":1287.0,"Time":"2020-12-02T18:05:00Z","Interval":"5min","Figi":"BBG000BXRPH1"}
{"o":104.1,"c":104.24,"h":104.28,"l":104.06,"v":1300.0,"Time":"2020-12-02T18:05:00Z","Interval":"5min","Figi":"BBG000BXRPH1"}
{"o":104.1,"c":104.23,"h":104.28,"l":104.06,"v":1303.0,"Time":"2020-12-02T18:05:00Z","Interval":"5min","Figi":"BBG000BXRPH1"}
{"o":104.1,"c":104.25,"h":104.28,"l":104.06,"v":1304.0,"Time":"2020-12-02T18:05:00Z","Interval":"5min","Figi":"BBG000BXRPH1"}
{"o":104.1,"c":104.28,"h":104.28,"l":104.06,"v":1400.0,"Time":"2020-12-02T18:05:00Z","Interval":"5min","Figi":"BBG000BXRPH1"}
{"o":104.1,"c":104.27,"h":104.28,"l":104.06,"v":2020.0,"Time":"2020-12-02T18:05:00Z","Interval":"5min","Figi":"BBG000BXRPH1"}
{"o":104.1,"c":104.27,"h":104.28,"l":104.06,"v":2156.0,"Time":"2020-12-02T18:05:00Z","Interval":"5min","Figi":"BBG000BXRPH1"}
{"o":104.1,"c":104.27,"h":104.28,"l":104.06,"v":2193.0,"Time":"2020-12-02T18:05:00Z","Interval":"5min","Figi":"BBG000BXRPH1"}
{"o":104.1,"c":104.26,"h":104.28,"l":104.06,"v":2194.0,"Time":"2020-12-02T18:05:00Z","Interval":"5min","Figi":"BBG000BXRPH1"}
{"o":104.1,"c":104.27,"h":104.28,"l":104.06,"v":2357.0,"Time":"2020-12-02T18:05:00Z","Interval":"5min","Figi":"BBG000BXRPH1"}
{"o":104.1,"c":104.26,"h":104.28,"l":104.06,"v":2457.0,"Time":"2020-12-02T18:05:00Z","Interval":"5min","Figi":"BBG000BXRPH1"}
{"o":104.1,"c":104.26,"h":104.28,"l":104.06,"v":2557.0,"Time":"2020-12-02T18:05:00Z","Interval":"5min","Figi":"BBG000BXRPH1"}
{"o":104.1,"c":104.19,"h":104.28,"l":104.06,"v":2657.0,"Time":"2020-12-02T18:05:00Z","Interval":"5min","Figi":"BBG000BXRPH1"}
{"o":104.1,"c":104.19,"h":104.28,"l":104.06,"v":2708.0,"Time":"2020-12-02T18:05:00Z","Interval":"5min","Figi":"BBG000BXRPH1"}
{"o":104.1,"c":104.15,"h":104.28,"l":104.06,"v":3057.0,"Time":"2020-12-02T18:05:00Z","Interval":"5min","Figi":"BBG000BXRPH1"}
{"o":104.1,"c":104.11,"h":104.28,"l":104.06,"v":3157.0,"Time":"2020-12-02T18:05:00Z","Interval":"5min","Figi":"BBG000BXRPH1"}
{"o":104.1,"c":104.07,"h":104.28,"l":104.06,"v":3177.0,"Time":"2020-12-02T18:05:00Z","Interval":"5min","Figi":"BBG000BXRPH1"}
{"o":104.1,"c":104.12,"h":104.28,"l":104.06,"v":3377.0,"Time":"2020-12-02T18:05:00Z","Interval":"5min","Figi":"BBG000BXRPH1"}
{"o":104.1,"c":104.2,"h":104.28,"l":104.06,"v":3514.0,"Time":"2020-12-02T18:05:00Z","Interval":"5min","Figi":"BBG000BXRPH1"}
{"o":104.1,"c":104.17,"h":104.28,"l":104.06,"v":3517.0,"Time":"2020-12-02T18:05:00Z","Interval":"5min","Figi":"BBG000BXRPH1"}
{"o":104.11,"c":104.1,"h":104.11,"l":104.1,"v":139.0,"Time":"2020-12-02T18:10:00Z","Interval":"5min","Figi":"BBG000BXRPH1"}
{"o":104.11,"c":104.1,"h":104.11,"l":104.1,"v":200.0,"Time":"2020-12-02T18:10:00Z","Interval":"5min","Figi":"BBG000BXRPH1"}
{"o":104.11,"c":104.14,"h":104.14,"l":104.1,"v":278.0,"Time":"2020-12-02T18:10:00Z","Interval":"5min","Figi":"BBG000BXRPH1"}
{"o":104.11,"c":104.17,"h":104.17,"l":104.1,"v":403.0,"Time":"2020-12-02T18:10:00Z","Interval":"5min","Figi":"BBG000BXRPH1"}
{"o":104.11,"c":104.18,"h":104.18,"l":104.1,"v":508.0,"Time":"2020-12-02T18:10:00Z","Interval":"5min","Figi":"BBG000BXRPH1"}
{"o":104.11,"c":104.18,"h":104.18,"l":104.1,"v":608.0,"Time":"2020-12-02T18:10:00Z","Interval":"5min","Figi":"BBG000BXRPH1"}
{"o":104.11,"c":104.2,"h":104.2,"l":104.1,"v":805.0,"Time":"2020-12-02T18:10:00Z","Interval":"5min","Figi":"BBG000BXRPH1"}
{"o":104.11,"c":104.2,"h":104.2,"l":104.1,"v":920.0,"Time":"2020-12-02T18:10:00Z","Interval":"5min","Figi":"BBG000BXRPH1"}
{"o":104.11,"c":104.18,"h":104.2,"l":104.1,"v":1070.0,"Time":"2020-12-02T18:10:00Z","Interval":"5min","Figi":"BBG000BXRPH1"}
{"o":104.11,"c":104.16,"h":104.2,"l":104.1,"v":1220.0,"Time":"2020-12-02T18:10:00Z","Interval":"5min","Figi":"BBG000BXRPH1"}
{"o":104.11,"c":104.2,"h":104.2,"l":104.1,"v":1420.0,"Time":"2020-12-02T18:10:00Z","Interval":"5min","Figi":"BBG000BXRPH1"}
{"o":104.11,"c":104.11,"h":104.2,"l":104.1,"v":1620.0,"Time":"2020-12-02T18:10:00Z","Interval":"5min","Figi":"BBG000BXRPH1"}
{"o":104.11,"c":104.04,"h":104.2,"l":104.04,"v":1628.0,"Time":"2020-12-02T18:10:00Z","Interval":"5min","Figi":"BBG000BXRPH1"}
{"o":104.11,"c":104.02,"h":104.2,"l":104.02,"v":1728.0,"Time":"2020-12-02T18:10:00Z","Interval":"5min","Figi":"BBG000BXRPH1"}
{"o":104.11,"c":104.15,"h":104.2,"l":104.02,"v":1753.0,"Time":"2020-12-02T18:10:00Z","Interval":"5min","Figi":"BBG000BXRPH1"}
{"o":104.11,"c":104.11,"h":104.2,"l":104.02,"v":1853.0,"Time":"2020-12-02T18:10:00Z","Interval":"5min","Figi":"BBG000BXRPH1"}
{"o":104.11,"c":104.11,"h":104.2,"l":104.02,"v":1888.0,"Time":"2020-12-02T18:10:00Z","Interval":"5min","Figi":"BBG000BXRPH1"}
{"o":104.11,"c":104.15,"h":104.2,"l":104.02,"v":1988.0,"Time":"2020-12-02T18:10:00Z","Interval":"5min","Figi":"BBG000BXRPH1"}
{"o":104.11,"c":104.05,"h":104.2,"l":104.02,"v":2205.0,"Time":"2020-12-02T18:10:00Z","Interval":"5min","Figi":"BBG000BXRPH1"}
{"o":104.11,"c":104.07,"h":104.2,"l":104.02,"v":2305.0,"Time":"2020-12-02T18:10:00Z","Interval":"5min","Figi":"BBG000BXRPH1"}
{"o":104.11,"c":104.04,"h":104.2,"l":104.02,"v":2405.0,"Time":"2020-12-02T18:10:00Z","Interval":"5min","Figi":"BBG000BXRPH1"}
{"o":104.11,"c":104.05,"h":104.2,"l":104.02,"v":2505.0,"Time":"2020-12-02T18:10:00Z","Interval":"5min","Figi":"BBG000BXRPH1"}
{"o":104.11,"c":104.06,"h":104.2,"l":104.02,"v":2611.0,"Time":"2020-12-02T18:10:00Z","Interval":"5min","Figi":"BBG000BXRPH1"}
{"o":104.11,"c":104.08,"h":104.2,"l":104.02,"v":2974.0,"Time":"2020-12-02T18:10:00Z","Interval":"5min","Figi":"BBG000BXRPH1"}
{"o":104.11,"c":104.05,"h":104.2,"l":104.02,"v":3174.0,"Time":"2020-12-02T18:10:00Z","Interval":"5min","Figi":"BBG000BXRPH1"}
{"o":104.11,"c":104.01,"h":104.2,"l":104.01,"v":3233.0,"Time":"2020-12-02T18:10:00Z","Interval":"5min","Figi":"BBG000BXRPH1"}
{"o":104.11,"c":103.97,"h":104.2,"l":103.97,"v":3336.0,"Time":"2020-12-02T18:10:00Z","Interval":"5min","Figi":"BBG000BXRPH1"}
{"o":103.92,"c":103.92,"h":103.92,"l":103.92,"v":300.0,"Time":"2020-12-02T18:15:00Z","Interval":"5min","Figi":"BBG000BXRPH1"}
{"o":103.92,"c":104.01,"h":104.01,"l":103.92,"v":401.0,"Time":"2020-12-02T18:15:00Z","Interval":"5min","Figi":"BBG000BXRPH1"}
{"o":103.92,"c":104.06,"h":104.06,"l":103.92,"v":668.0,"Time":"2020-12-02T18:15:00Z","Interval":"5min","Figi":"BBG000BXRPH1"}
{"o":103.92,"c":104.11,"h":104.11,"l":103.92,"v":768.0,"Time":"2020-12-02T18:15:00Z","Interval":"5min","Figi":"BBG000BXRPH1"}
{"o":103.92,"c":104.11,"h":104.11,"l":103.92,"v":868.0,"Time":"2020-12-02T18:15:00Z","Interval":"5min","Figi":"BBG000BXRPH1"}
{"o":103.92,"c":104.11,"h":104.11,"l":103.92,"v":968.0,"Time":"2020-12-02T18:15:00Z","Interval":"5min","Figi":"BBG000BXRPH1"}
{"o":103.92,"c":104.11,"h":104.11,"l":103.92,"v":1068.0,"Time":"2020-12-02T18:15:00Z","Interval":"5min","Figi":"BBG000BXRPH1"}
{"o":103.92,"c":104.12,"h":104.12,"l":103.92,"v":1069.0,"Time":"2020-12-02T18:15:00Z","Interval":"5min","Figi":"BBG000BXRPH1"}
{"o":103.92,"c":104.15,"h":104.15,"l":103.92,"v":1077.0,"Time":"2020-12-02T18:15:00Z","Interval":"5min","Figi":"BBG000BXRPH1"}
{"o":103.92,"c":104.11,"h":104.15,"l":103.92,"v":1080.0,"Time":"2020-12-02T18:15:00Z","Interval":"5min","Figi":"BBG000BXRPH1"}
{"o":103.92,"c":104.11,"h":104.15,"l":103.92,"v":1190.0,"Time":"2020-12-02T18:15:00Z","Interval":"5min","Figi":"BBG000BXRPH1"}
{"o":103.92,"c":104.17,"h":104.17,"l":103.92,"v":1299.0,"Time":"2020-12-02T18:15:00Z","Interval":"5min","Figi":"BBG000BXRPH1"}
{"o":103.92,"c":104.17,"h":104.17,"l":103.92,"v":1399.0,"Time":"2020-12-02T18:15:00Z","Interval":"5min","Figi":"BBG000BXRPH1"}
{"o":103.92,"c":104.14,"h":104.17,"l":103.92,"v":1501.0,"Time":"2020-12-02T18:15:00Z","Interval":"5min","Figi":"BBG000BXRPH1"}
{"o":103.92,"c":104.14,"h":104.17,"l":103.92,"v":1503.0,"Time":"2020-12-02T18:15:00Z","Interval":"5min","Figi":"BBG000BXRPH1"}
{"o":103.92,"c":104.15,"h":104.17,"l":103.92,"v":1703.0,"Time":"2020-12-02T18:15:00Z","Interval":"5min","Figi":"BBG000BXRPH1"}
{"o":103.92,"c":104.15,"h":104.17,"l":103.92,"v":1748.0,"Time":"2020-12-02T18:15:00Z","Interval":"5min","Figi":"BBG000BXRPH1"}
{"o":103.92,"c":104.18,"h":104.18,"l":103.92,"v":1788.0,"Time":"2020-12-02T18:15:00Z","Interval":"5min","Figi":"BBG000BXRPH1"}
{"o":103.92,"c":104.2,"h":104.2,"l":103.92,"v":1789.0,"Time":"2020-12-02T18:15:00Z","Interval":"5min","Figi":"BBG000BXRPH1"}
{"o":103.92,"c":104.26,"h":104.26,"l":103.92,"v":1889.0,"Time":"2020-12-02T18:15:00Z","Interval":"5min","Figi":"BBG000BXRPH1"}
{"o":103.92,"c":104.28,"h":104.28,"l":103.92,"v":1911.0,"Time":"2020-12-02T18:15:00Z","Interval":"5min","Figi":"BBG000BXRPH1"}
{"o":103.92,"c":104.25,"h":104.28,"l":103.92,"v":2111.0,"Time":"2020-12-02T18:15:00Z","Interval":"5min","Figi":"BBG000BXRPH1"}
{"o":103.92,"c":104.25,"h":104.28,"l":103.92,"v":2213.0,"Time":"2020-12-02T18:15:00Z","Interval":"5min","Figi":"BBG000BXRPH1"}
{"o":103.92,"c":104.23,"h":104.28,"l":103.92,"v":2214.0,"Time":"2020-12-02T18:15:00Z","Interval":"5min","Figi":"BBG000BXRPH1"}
{"o":103.92,"c":104.19,"h":104.28,"l":103.92,"v":2516.0,"Time":"2020-12-02T18:15:00Z","Interval":"5min","Figi":"BBG000BXRPH1"}
{"o":103.92,"c":104.19,"h":104.28,"l":103.92,"v":2617.0,"Time":"2020-12-02T18:15:00Z","Interval":"5min","Figi":"BBG000BXRPH1"}
{"o":103.92,"c":104.17,"h":104.28,"l":103.92,"v":2717.0,"Time":"2020-12-02T18:15:00Z","Interval":"5min","Figi":"BBG000BXRPH1"}
{"o":103.92,"c":104.18,"h":104.28,"l":103.92,"v":2817.0,"Time":"2020-12-02T18:15:00Z","Interval":"5min","Figi":"BBG000BXRPH1"}
{"o":103.92,"c":104.18,"h":104.28,"l":103.92,"v":2823.0,"Time":"2020-12-02T18:15:00Z","Interval":"5min","Figi":"BBG000BXRPH1"}
{"o":103.92,"c":104.19,"h":104.28,"l":103.92,"v":2843.0,"Time":"2020-12-02T18:15:00Z","Interval":"5min","Figi":"BBG000BXRPH1"}
{"o":103.92,"c":104.22,"h":104.28,"l":103.92,"v":2860.0,"Time":"2020-12-02T18:15:00Z","Interval":"5min","Figi":"BBG000BXRPH1"}
{"o":103.92,"c":104.21,"h":104.28,"l":103.92,"v":3057.0,"Time":"2020-12-02T18:15:00Z","Interval":"5min","Figi":"BBG000BXRPH1"}
{"o":103.92,"c":104.23,"h":104.28,"l":103.92,"v":3221.0,"Time":"2020-12-02T18:15:00Z","Interval":"5min","Figi":"BBG000BXRPH1"}
{"o":104.2,"c":104.19,"h":104.2,"l":104.19,"v":102.0,"Time":"2020-12-02T18:20:00Z","Interval":"5min","Figi":"BBG000BXRPH1"}
{"o":104.2,"c":104.18,"h":104.2,"l":104.17,"v":226.0,"Time":"2020-12-02T18:20:00Z","Interval":"5min","Figi":"BBG000BXRPH1"}
{"o":104.2,"c":104.16,"h":104.2,"l":104.16,"v":227.0,"Time":"2020-12-02T18:20:00Z","Interval":"5min","Figi":"BBG000BXRPH1"}
{"o":104.2,"c":104.14,"h":104.2,"l":104.14,"v":235.0,"Time":"2020-12-02T18:20:00Z","Interval":"5min","Figi":"BBG000BXRPH1"}
{"o":104.2,"c":104.17,"h":104.2,"l":104.14,"v":262.0,"Time":"2020-12-02T18:20:00Z","Interval":"5min","Figi":"BBG000BXRPH1"}
{"o":104.2,"c":104.14,"h":104.2,"l":104.14,"v":273.0,"Time":"2020-12-02T18:20:00Z","Interval":"5min","Figi":"BBG000BXRPH1"}
{"o":104.2,"c":104.08,"h":104.2,"l":104.08,"v":473.0,"Time":"2020-12-02T18:20:00Z","Interval":"5min","Figi":"BBG000BXRPH1"}
{"o":104.2,"c":104.0,"h":104.2,"l":104.0,"v":3281.0,"Time":"2020-12-02T18:20:00Z","Interval":"5min","Figi":"BBG000BXRPH1"}
{"o":104.2,"c":104.0,"h":104.2,"l":104.0,"v":3289.0,"Time":"2020-12-02T18:20:00Z","Interval":"5min","Figi":"BBG000BXRPH1"}
{"o":104.2,"c":104.03,"h":104.2,"l":104.0,"v":3485.0,"Time":"2020-12-02T18:20:00Z","Interval":"5min","Figi":"BBG000BXRPH1"}
{"o":104.2,"c":104.04,"h":104.2,"l":104.0,"v":3694.0,"Time":"2020-12-02T18:20:00Z","Interval":"5min","Figi":"BBG000BXRPH1"}
{"o":104.2,"c":104.04,"h":104.2,"l":104.0,"v":3794.0,"Time":"2020-12-02T18:20:00Z","Interval":"5min","Figi":"BBG000BXRPH1"}
{"o":104.2,"c":104.07,"h":104.2,"l":104.0,"v":3893.0,"Time":"2020-12-02T18:20:00Z","Interval":"5min","Figi":"BBG000BXRPH1"}
{"o":104.2,"c":104.06,"h":104.2,"l":104.0,"v":3993.0,"Time":"2020-12-02T18:20:00Z","Interval":"5min","Figi":"BBG000BXRPH1"}
{"o":104.2,"c":104.02,"h":104.2,"l":104.0,"v":4294.0,"Time":"2020-12-02T18:20:00Z","Interval":"5min","Figi":"BBG000BXRPH1"}
{"o":104.2,"c":104.05,"h":104.2,"l":104.0,"v":4295.0,"Time":"2020-12-02T18:20:00Z","Interval":"5min","Figi":"BBG000BXRPH1"}
{"o":104.2,"c":104.03,"h":104.2,"l":104.0,"v":4320.0,"Time":"2020-12-02T18:20:00Z","Interval":"5min","Figi":"BBG000BXRPH1"}
{"o":104.2,"c":104.02,"h":104.2,"l":104.0,"v":4326.0,"Time":"2020-12-02T18:20:00Z","Interval":"5min","Figi":"BBG000BXRPH1"}
{"o":104.2,"c":104.0,"h":104.2,"l":104.0,"v":4343.0,"Time":"2020-12-02T18:20:00Z","Interval":"5min","Figi":"BBG000BXRPH1"}
{"o":104.2,"c":103.98,"h":104.2,"l":103.98,"v":4643.0,"Time":"2020-12-02T18:20:00Z","Interval":"5min","Figi":"BBG000BXRPH1"}
{"o":104.2,"c":103.98,"h":104.2,"l":103.98,"v":5382.0,"Time":"2020-12-02T18:20:00Z","Interval":"5min","Figi":"BBG000BXRPH1"}
{"o":104.2,"c":103.98,"h":104.2,"l":103.98,"v":5585.0,"Time":"2020-12-02T18:20:00Z","Interval":"5min","Figi":"BBG000BXRPH1"}
{"o":104.2,"c":103.98,"h":104.2,"l":103.98,"v":6343.0,"Time":"2020-12-02T18:20:00Z","Interval":"5min","Figi":"BBG000BXRPH1"}
{"o":104.2,"c":103.98,"h":104.2,"l":103.98,"v":6370.0,"Time":"2020-12-02T18:20:00Z","Interval":"5min","Figi":"BBG000BXRPH1"}
{"o":104.2,"c":103.98,"h":104.2,"l":103.98,"v":6543.0,"Time":"2020-12-02T18:20:00Z","Interval":"5min","Figi":"BBG000BXRPH1"}
{"o":104.2,"c":103.98,"h":104.2,"l":103.98,"v":6643.0,"Time":"2020-12-02T18:20:00Z","Interval":"5min","Figi":"BBG000BXRPH1"}
{"o":104.2,"c":103.97,"h":104.2,"l":103.97,"v":6743.0,"Time":"2020-12-02T18:20:00Z","Interval":"5min","Figi":"BBG000BXRPH1"}
{"o":104.2,"c":103.98,"h":104.2,"l":103.97,"v":6899.0,"Time":"2020-12-02T18:20:00Z","Interval":"5min","Figi":"BBG000BXRPH1"}
{"o":104.2,"c":104.02,"h":104.2,"l":103.97,"v":7119.0,"Time":"2020-12-02T18:20:00Z","Interval":"5min","Figi":"BBG000BXRPH1"}
{"o":104.2,"c":104.02,"h":104.2,"l":103.97,"v":7219.0,"Time":"2020-12-02T18:20:00Z","Interval":"5min","Figi":"BBG000BXRPH1"}
{"o":104.2,"c":104.03,"h":104.2,"l":103.97,"v":7319.0,"Time":"2020-12-02T18:20:00Z","Interval":"5min","Figi":"BBG000BXRPH1"}
{"o":104.2,"c":104.02,"h":104.2,"l":103.97,"v":7322.0,"Time":"2020-12-02T18:20:00Z","Interval":"5min","Figi":"BBG000BXRPH1"}
{"o":104.2,"c":104.01,"h":104.2,"l":103.97,"v":7325.0,"Time":"2020-12-02T18:20:00Z","Interval":"5min","Figi":"BBG000BXRPH1"}
{"o":104.2,"c":104.01,"h":104.2,"l":103.97,"v":7622.0,"Time":"2020-12-02T18:20:00Z","Interval":"5min","Figi":"BBG000BXRPH1"}
{"o":104.2,"c":104.09,"h":104.2,"l":103.97,"v":7672.0,"Time":"2020-12-02T18:20:00Z","Interval":"5min","Figi":"BBG000BXRPH1"}
{"o":104.2,"c":104.02,"h":104.2,"l":103.97,"v":7772.0,"Time":"2020-12-02T18:20:00Z","Interval":"5min","Figi":"BBG000BXRPH1"}
{"o":104.0,"c":104.0,"h":104.0,"l":104.0,"v":101.0,"Time":"2020-12-02T18:25:00Z","Interval":"5min","Figi":"BBG000BXRPH1"}
{"o":104.0,"c":103.96,"h":104.0,"l":103.96,"v":312.0,"Time":"2020-12-02T18:25:00Z","Interval":"5min","Figi":"BBG000BXRPH1"}
{"o":104.0,"c":103.96,"h":104.0,"l":103.96,"v":317.0,"Time":"2020-12-02T18:25:00Z","Interval":"5min","Figi":"BBG000BXRPH1"}
{"o":104.0,"c":103.95,"h":104.0,"l":103.95,"v":417.0,"Time":"2020-12-02T18:25:00Z","Interval":"5min","Figi":"BBG000BXRPH1"}
{"o":104.0,"c":103.91,"h":104.0,"l":103.91,"v":517.0,"Time":"2020-12-02T18:25:00Z","Interval":"5min","Figi":"BBG000BXRPH1"}
{"o":104.0,"c":103.93,"h":104.0,"l":103.91,"v":522.0,"Time":"2020-12-02T18:25:00Z","Interval":"5min","Figi":"BBG000BXRPH1"}
{"o":104.0,"c":103.92,"h":104.0,"l":103.91,"v":622.0,"Time":"2020-12-02T18:25:00Z","Interval":"5min","Figi":"BBG000BXRPH1"}
{"o":104.0,"c":103.91,"h":104.0,"l":103.91,"v":866.0,"Time":"2020-12-02T18:25:00Z","Interval":"5min","Figi":"BBG000BXRPH1"}
{"o":104.0,"c":103.93,"h":104.0,"l":103.91,"v":986.0,"Time":"2020-12-02T18:25:00Z","Interval":"5min","Figi":"BBG000BXRPH1"}
{"o":104.0,"c":103.95,"h":104.0,"l":103.91,"v":987.0,"Time":"2020-12-02T18:25:00Z","Interval":"5min","Figi":"BBG000BXRPH1"}
{"o":104.0,"c":103.98,"h":104.0,"l":103.91,"v":1008.0,"Time":"2020-12-02T18:25:00Z","Interval":"5min","Figi":"BBG000BXRPH1"}
{"o":104.0,"c":104.01,"h":104.01,"l":103.91,"v":1157.0,"Time":"2020-12-02T18:25:00Z","Interval":"5min","Figi":"BBG000BXRPH1"}
{"o":104.0,"c":103.97,"h":104.01,"l":103.91,"v":1158.0,"Time":"2020-12-02T18:25:00Z","Interval":"5min","Figi":"BBG000BXRPH1"}
{"o":104.0,"c":103.97,"h":104.01,"l":103.91,"v":1163.0,"Time":"2020-12-02T18:25:00Z","Interval":"5min","Figi":"BBG000BXRPH1"}
{"o":104.0,"c":103.96,"h":104.01,"l":103.91,"v":1463.0,"Time":"2020-12-02T18:25:00Z","Interval":"5min","Figi":"BBG000BXRPH1"}
{"o":104.0,"c":103.99,"h":104.01,"l":103.91,"v":1465.0,"Time":"2020-12-02T18:25:00Z","Interval":"5min","Figi":"BBG000BXRPH1"}
{"o":104.0,"c":103.99,"h":104.01,"l":103.91,"v":1466.0,"Time":"2020-12-02T18:25:00Z","Interval":"5min","Figi":"BBG000BXRPH1"}
{"o":104.0,"c":103.96,"h":104.01,"l":103.91,"v":1568.0,"Time":"2020-12-02T18:25:00Z","Interval":"5min","Figi":"BBG000BXRPH1"}
{"o":104.0,"c":104.0,"h":104.01,"l":103.91,"v":1668.0,"Time":"2020-12-02T18:25:00Z","Interval":"5min","Figi":"BBG000BXRPH1"}
{"o":104.0,"c":104.02,"h":104.02,"l":103.91,"v":1871.0,"Time":"2020-12-02T18:25:00Z","Interval":"5min","Figi":"BBG000BXRPH1"}
{"o":104.0,"c":104.03,"h":104.03,"l":103.91,"v":1971.0,"Time":"2020-12-02T18:25:00Z","Interval":"5min","Figi":"BBG000BXRPH1"}
{"o":104.0,"c":104.0,"h":104.03,"l":103.91,"v":2071.0,"Time":"2020-12-02T18:25:00Z","Interval":"5min","Figi":"BBG000BXRPH1"}
{"o":104.0,"c":103.99,"h":104.03,"l":103.91,"v":2171.0,"Time":"2020-12-02T18:25:00Z","Interval":"5min","Figi":"BBG000BXRPH1"}
{"o":104.0,"c":103.98,"h":104.03,"l":103.91,"v":2359.0,"Time":"2020-12-02T18:25:00Z","Interval":"5min","Figi":"BBG000BXRPH1"}
{"o":104.0,"c":103.98,"h":104.03,"l":103.91,"v":2371.0,"Time":"2020-12-02T18:25:00Z","Interval":"5min","Figi":"BBG000BXRPH1"}
{"o":104.0,"c":103.98,"h":104.03,"l":103.91,"v":2471.0,"Time":"2020-12-02T18:25:00Z","Interval":"5min","Figi":"BBG000BXRPH1"}
{"o":104.0,"c":103.94,"h":104.03,"l":103.91,"v":2621.0,"Time":"2020-12-02T18:25:00Z","Interval":"5min","Figi":"BBG000BXRPH1"}
{"o":104.0,"c":103.87,"h":104.03,"l":103.87,"v":2946.0,"Time":"2020-12-02T18:25:00Z","Interval":"5min","Figi":"BBG000BXRPH1"}
{"o":104.0,"c":103.94,"h":104.03,"l":103.87,"v":2951.0,"Time":"2020-12-02T18:25:00Z","Interval":"5min","Figi":"BBG000BXRPH1"}
{"o":104.0,"c":103.94,"h":104.03,"l":103.87,"v":2956.0,"Time":"2020-12-02T18:25:00Z","Interval":"5min","Figi":"BBG000BXRPH1"}
{"o":104.0,"c":103.87,"h":104.03,"l":103.87,"v":3056.0,"Time":"2020-12-02T18:25:00Z","Interval":"5min","Figi":"BBG000BXRPH1"}
{"o":104.0,"c":103.87,"h":104.03,"l":103.87,"v":3081.0,"Time":"2020-12-02T18:25:00Z","Interval":"5min","Figi":"BBG000BXRPH1"}
{"o":104.0,"c":103.87,"h":104.03,"l":103.87,"v":3093.0,"Time":"2020-12-02T18:25:00Z","Interval":"5min","Figi":"BBG000BXRPH1"}
{"o":104.0,"c":103.87,"h":104.03,"l":103.87,"v":3106.0,"Time":"2020-12-02T18:25:00Z","Interval":"5min","Figi":"BBG000BXRPH1"}
{"o":104.0,"c":103.87,"h":104.03,"l":103.87,"v":3118.0,"Time":"2020-12-02T18:25:00Z","Interval":"5min","Figi":"BBG000BXRPH1"}
{"o":104.0,"c":103.87,"h":104.03,"l":103.87,"v":3126.0,"Time":"2020-12-02T18:25:00Z","Interval":"5min","Figi":"BBG000BXRPH1"}
{"o":104.0,"c":103.87,"h":104.03,"l":103.87,"v":3131.0,"Time":"2020-12-02T18:25:00Z","Interval":"5min","Figi":"BBG000BXRPH1"}
{"o":104.0,"c":103.87,"h":104.03,"l":103.87,"v":3226.0,"Time":"2020-12-02T18:25:00Z","Interval":"5min","Figi":"BBG000BXRPH1"}
{"o":104.0,"c":103.87,"h":104.03,"l":103.87,"v":3476.0,"Time":"2020-12-02T18:25:00Z","Interval":"5min","Figi":"BBG000BXRPH1"}
{"o":104.0,"c":103.87,"h":104.03,"l":103.87,"v":3831.0,"Time":"2020-12-02T18:25:00Z","Interval":"5min","Figi":"BBG000BXRPH1"}
{"o":104.0,"c":103.87,"h":104.03,"l":103.87,"v":4031.0,"Time":"2020-12-02T18:25:00Z","Interval":"5min","Figi":"BBG000BXRPH1"}
{"o":104.0,"c":103.87,"h":104.03,"l":103.87,"v":4071.0,"Time":"2020-12-02T18:25:00Z","Interval":"5min","Figi":"BBG000BXRPH1"}
{"o":104.0,"c":103.87,"h":104.03,"l":103.87,"v":4731.0,"Time":"2020-12-02T18:25:00Z","Interval":"5min","Figi":"BBG000BXRPH1"}
{"o":104.0,"c":103.83,"h":104.03,"l":103.83,"v":4846.0,"Time":"2020-12-02T18:25:00Z","Interval":"5min","Figi":"BBG000BXRPH1"}
{"o":104.0,"c":103.83,"h":104.03,"l":103.83,"v":4854.0,"Time":"2020-12-02T18:25:00Z","Interval":"5min","Figi":"BBG000BXRPH1"}
{"o":104.0,"c":103.84,"h":104.03,"l":103.83,"v":4872.0,"Time":"2020-12-02T18:25:00Z","Interval":"5min","Figi":"BBG000BXRPH1"}
{"o":104.0,"c":103.74,"h":104.03,"l":103.74,"v":4929.0,"Time":"2020-12-02T18:25:00Z","Interval":"5min","Figi":"BBG000BXRPH1"}
{"o":104.0,"c":103.7,"h":104.03,"l":103.7,"v":4979.0,"Time":"2020-12-02T18:25:00Z","Interval":"5min","Figi":"BBG000BXRPH1"}
{"o":103.71,"c":103.71,"h":103.71,"l":103.71,"v":100.0,"Time":"2020-12-02T18:30:00Z","Interval":"5min","Figi":"BBG000BXRPH1"}
{"o":103.71,"c":103.71,"h":103.71,"l":103.71,"v":201.0,"Time":"2020-12-02T18:30:00Z","Interval":"5min","Figi":"BBG000BXRPH1"}
{"o":103.71,"c":103.7,"h":103.71,"l":103.7,"v":301.0,"Time":"2020-12-02T18:30:00Z","Interval":"5min","Figi":"BBG000BXRPH1"}
{"o":103.71,"c":103.64,"h":103.71,"l":103.64,"v":328.0,"Time":"2020-12-02T18:30:00Z","Interval":"5min","Figi":"BBG000BXRPH1"}
{"o":103.71,"c":103.64,"h":103.71,"l":103.64,"v":428.0,"Time":"2020-12-02T18:30:00Z","Interval":"5min","Figi":"BBG000BXRPH1"}
{"o":103.71,"c":103.71,"h":103.71,"l":103.64,"v":588.0,"Time":"2020-12-02T18:30:00Z","Interval":"5min","Figi":"BBG000BXRPH1"}
{"o":103.71,"c":103.73,"h":103.73,"l":103.64,"v":813.0,"Time":"2020-12-02T18:30:00Z","Interval":"5min","Figi":"BBG000BXRPH1"}
{"o":103.71,"c":103.74,"h":103.74,"l":103.64,"v":818.0,"Time":"2020-12-02T18:30:00Z","Interval":"5min","Figi":"BBG000BXRPH1"}
{"o":103.71,"c":103.74,"h":103.74,"l":103.64,"v":933.0,"Time":"2020-12-02T18:30:00Z","Interval":"5min","Figi":"BBG000BXRPH1"}
{"o":103.71,"c":103.76,"h":103.76,"l":103.64,"v":1043.0,"Time":"2020-12-02T18:30:00Z","Interval":"5min","Figi":"BBG000BXRPH1"}
{"o":103.71,"c":103.77,"h":103.77,"l":103.64,"v":1083.0,"Time":"2020-12-02T18:30:00Z","Interval":"5min","Figi":"BBG000BXRPH1"}
{"o":103.71,"c":103.78,"h":103.78,"l":103.64,"v":1088.0,"Time":"2020-12-02T18:30:00Z","Interval":"5min","Figi":"BBG000BXRPH1"}
{"o":103.71,"c":103.84,"h":103.84,"l":103.64,"v":1188.0,"Time":"2020-12-02T18:30:00Z","Interval":"5min","Figi":"BBG000BXRPH1"}
{"o":103.71,"c":103.85,"h":103.85,"l":103.64,"v":1391.0,"Time":"2020-12-02T18:30:00Z","Interval":"5min","Figi":"BBG000BXRPH1"}
{"o":103.71,"c":103.88,"h":103.88,"l":103.64,"v":1393.0,"Time":"2020-12-02T18:30:00Z","Interval":"5min","Figi":"BBG000BXRPH1"}
{"o":103.71,"c":103.88,"h":103.88,"l":103.64,"v":1403.0,"Time":"2020-12-02T18:30:00Z","Interval":"5min","Figi":"BBG000BXRPH1"}
{"o":103.71,"c":103.85,"h":103.88,"l":103.64,"v":1499.0,"Time":"2020-12-02T18:30:00Z","Interval":"5min","Figi":"BBG000BXRPH1"}
{"o":103.71,"c":103.79,"h":103.88,"l":103.64,"v":1599.0,"Time":"2020-12-02T18:30:00Z","Interval":"5min","Figi":"BBG000BXRPH1"}
{"o":103.71,"c":103.71,"h":103.88,"l":103.64,"v":1631.0,"Time":"2020-12-02T18:30:00Z","Interval":"5min","Figi":"BBG000BXRPH1"}
{"o":103.71,"c":103.71,"h":103.88,"l":103.64,"v":1831.0,"Time":"2020-12-02T18:30:00Z","Interval":"5min","Figi":"BBG000BXRPH1"}
{"o":103.71,"c":103.62,"h":103.88,"l":103.62,"v":1893.0,"Time":"2020-12-02T18:30:00Z","Interval":"5min","Figi":"BBG000BXRPH1"}
{"o":103.71,"c":103.6,"h":103.88,"l":103.6,"v":1894.0,"Time":"2020-12-02T18:30:00Z","Interval":"5min","Figi":"BBG000BXRPH1"}
{"o":103.71,"c":103.57,"h":103.88,"l":103.57,"v":1895.0,"Time":"2020-12-02T18:30:00Z","Interval":"5min","Figi":"BBG000BXRPH1"}
{"o":103.71,"c":103.56,"h":103.88,"l":103.56,"v":1897.0,"Time":"2020-12-02T18:30:00Z","Interval":"5min","Figi":"BBG000BXRPH1"}
{"o":103.71,"c":103.59,"h":103.88,"l":103.56,"v":1898.0,"Time":"2020-12-02T18:30:00Z","Interval":"5min","Figi":"BBG000BXRPH1"}
{"o":103.71,"c":103.6,"h":103.88,"l":103.56,"v":1918.0,"Time":"2020-12-02T18:30:00Z","Interval":"5min","Figi":"BBG000BXRPH1"}
{"o":103.71,"c":103.61,"h":103.88,"l":103.56,"v":1919.0,"Time":"2020-12-02T18:30:00Z","Interval":"5min","Figi":"BBG000BXRPH1"}
{"o":103.71,"c":103.58,"h":103.88,"l":103.56,"v":1923.0,"Time":"2020-12-02T18:30:00Z","Interval":"5min","Figi":"BBG000BXRPH1"}
{"o":103.71,"c":103.57,"h":103.88,"l":103.56,"v":2023.0,"Time":"2020-12-02T18:30:00Z","Interval":"5min","Figi":"BBG000BXRPH1"}
{"o":103.71,"c":103.57,"h":103.88,"l":103.56,"v":2231.0,"Time":"2020-12-02T18:30:00Z","Interval":"5min","Figi":"BBG000BXRPH1"}
{"o":103.71,"c":103.53,"h":103.88,"l":103.53,"v":2272.0,"Time":"2020-12-02T18:30:00Z","Interval":"5min","Figi":"BBG000BXRPH1"}
{"o":103.71,"c":103.55,"h":103.88,"l":103.53,"v":2273.0,"Time":"2020-12-02T18:30:00Z","Interval":"5min","Figi":"BBG000BXRPH1"}
{"o":103.71,"c":103.55,"h":103.88,"l":103.53,"v":2277.0,"Time":"2020-12-02T18:30:00Z","Interval":"5min","Figi":"BBG000BXRPH1"}
{"o":103.71,"c":103.56,"h":103.88,"l":103.53,"v":2361.0,"Time":"2020-12-02T18:30:00Z","Interval":"5min","Figi":"BBG000BXRPH1"}
{"o":103.71,"c":103.57,"h":103.88,"l":103.53,"v":2415.0,"Time":"2020-12-02T18:30:00Z","Interval":"5min","Figi":"BBG000BXRPH1"}
{"o":103.71,"c":103.54,"h":103.88,"l":103.53,"v":2416.0,"Time":"2020-12-02T18:30:00Z","Interval":"5min","Figi":"BBG000BXRPH1"}
{"o":103.48,"c":103.48,"h":103.48,"l":103.48,"v":13.0,"Time":"2020-12-02T18:35:00Z","Interval":"5min","Figi":"BBG000BXRPH1"}
{"o":103.48,"c":103.45,"h":103.48,"l":103.45,"v":113.0,"Time":"2020-12-02T18:35:00Z","Interval":"5min","Figi":"BBG000BXRPH1"}
{"o":103.48,"c":103.41,"h":103.48,"l":103.41,"v":213.0,"Time":"2020-12-02T18:35:00Z","Interval":"5min","Figi":"BBG000BXRPH1"}
{"o":103.48,"c":103.41,"h":103.48,"l":103.41,"v":233.0,"Time":"2020-12-02T18:35:00Z","Interval":"5min","Figi":"BBG000BXRPH1"}
{"o":103.48,"c":103.41,"h":103.48,"l":103.41,"v":235.0,"Time":"2020-12-02T18:35:00Z","Interval":"5min","Figi":"BBG000BXRPH1"}
{"o":103.48,"c":103.41,"h":103.48,"l":103.41,"v":236.0,"Time":"2020-12-02T18:35:00Z","Interval":"5min","Figi":"BBG000BXRPH1"}
{"o":103.48,"c":103.4,"h":103.48,"l":103.4,"v":242.0,"Time":"2020-12-02T18:35:00Z","Interval":"5min","Figi":"BBG000BXRPH1"}
{"o":103.48,"c":103.4,"h":103.48,"l":103.4,"v":311.0,"Time":"2020-12-02T18:35:00Z","Interval":"5min","Figi":"BBG000BXRPH1"}
{"o":103.48,"c":103.46,"h":103.48,"l":103.4,"v":312.0,"Time":"2020-12-02T18:35:00Z","Interval":"5min","Figi":"BBG000BXRPH1"}
{"o":103.48,"c":103.47,"h":103.48,"l":103.4,"v":510.0,"Time":"2020-12-02T18:35:00Z","Interval":"5min","Figi":"BBG000BXRPH1"}
{"o":103.48,"c":103.5,"h":103.5,"l":103.4,"v":585.0,"Time":"2020-12-02T18:35:00Z","Interval":"5min","Figi":"BBG000BXRPH1"}
{"o":103.48,"c":103.46,"h":103.5,"l":103.4,"v":688.0,"Time":"2020-12-02T18:35:00Z","Interval":"5min","Figi":"BBG000BXRPH1"}
{"o":103.48,"c":103.51,"h":103.51,"l":103.4,"v":902.0,"Time":"2020-12-02T18:35:00Z","Interval":"5min","Figi":"BBG000BXRPH1"}
{"o":103.48,"c":103.55,"h":103.55,"l":103.4,"v":1019.0,"Time":"2020-12-02T18:35:00Z","Interval":"5min","Figi":"BBG000BXRPH1"}
{"o":103.48,"c":103.57,"h":103.57,"l":103.4,"v":1174.0,"Time":"2020-12-02T18:35:00Z","Interval":"5min","Figi":"BBG000BXRPH1"}
{"o":103.48,"c":103.52,"h":103.57,"l":103.4,"v":1183.0,"Time":"2020-12-02T18:35:00Z","Interval":"5min","Figi":"BBG000BXRPH1"}
{"o":103.48,"c":103.52,"h":103.57,"l":103.4,"v":1208.0,"Time":"2020-12-02T18:35:00Z","Interval":"5min","Figi":"BBG000BXRPH1"}
{"o":103.48,"c":103.51,"h":103.57,"l":103.4,"v":1216.0,"Time":"2020-12-02T18:35:00Z","Interval":"5min","Figi":"BBG000BXRPH1"}
{"o":103.48,"c":103.51,"h":103.57,"l":103.4,"v":1217.0,"Time":"2020-12-02T18:35:00Z","Interval":"5min","Figi":"BBG000BXRPH1"}
{"o":103.48,"c":103.51,"h":103.57,"l":103.4,"v":1218.0,"Time":"2020-12-02T18:35:00Z","Interval":"5min","Figi":"BBG000BXRPH1"}
{"o":103.48,"c":103.42,"h":103.57,"l":103.4,"v":1318.0,"Time":"2020-12-02T18:35:00Z","Interval":"5min","Figi":"BBG000BXRPH1"}
{"o":103.48,"c":103.37,"h":103.57,"l":103.37,"v":1618.0,"Time":"2020-12-02T18:35:00Z","Interval":"5min","Figi":"BBG000BXRPH1"}
{"o":103.48,"c":103.37,"h":103.57,"l":103.37,"v":1618.0,"Time":"2020-12-02T18:35:00Z","Interval":"5min","Figi":"BBG000BXRPH1"}
{"o":103.48,"c":103.25,"h":103.57,"l":103.25,"v":1668.0,"Time":"2020-12-02T18:35:00Z","Interval":"5min","Figi":"BBG000BXRPH1"}
{"o":103.48,"c":103.25,"h":103.57,"l":103.25,"v":1818.0,"Time":"2020-12-02T18:35:00Z","Interval":"5min","Figi":"BBG000BXRPH1"}
{"o":103.26,"c":103.26,"h":103.26,"l":103.26,"v":100.0,"Time":"2020-12-02T18:40:00Z","Interval":"5min","Figi":"BBG000BXRPH1"}
{"o":103.26,"c":103.27,"h":103.27,"l":103.26,"v":105.0,"Time":"2020-12-02T18:40:00Z","Interval":"5min","Figi":"BBG000BXRPH1"}
{"o":103.26,"c":103.28,"h":103.28,"l":103.26,"v":223.0,"Time":"2020-12-02T18:40:00Z","Interval":"5min","Figi":"BBG000BXRPH1"}
{"o":103.26,"c":103.33,"h":103.33,"l":103.26,"v":454.0,"Time":"2020-12-02T18:40:00Z","Interval":"5min","Figi":"BBG000BXRPH1"}
{"o":103.26,"c":103.33,"h":103.33,"l":103.26,"v":623.0,"Time":"2020-12-02T18:40:00Z","Interval":"5min","Figi":"BBG000BXRPH1"}
{"o":103.26,"c":103.32,"h":103.33,"l":103.26,"v":723.0,"Time":"2020-12-02T18:40:00Z","Interval":"5min","Figi":"BBG000BXRPH1"}
{"o":103.26,"c":103.32,"h":103.33,"l":103.26,"v":724.0,"Time":"2020-12-02T18:40:00Z","Interval":"5min","Figi":"BBG000BXRPH1"}
{"o":103.26,"c":103.28,"h":103.33,"l":103.26,"v":1025.0,"Time":"2020-12-02T18:40:00Z","Interval":"5min","Figi":"BBG000BXRPH1"}
{"o":103.26,"c":103.28,"h":103.33,"l":103.26,"v":1026.0,"Time":"2020-12-02T18:40:00Z","Interval":"5min","Figi":"BBG000BXRPH1"}
{"o":103.26,"c":103.28,"h":103.33,"l":103.26,"v":1126.0,"Time":"2020-12-02T18:40:00Z","Interval":"5min","Figi":"BBG000BXRPH1"}
{"o":103.26,"c":103.27,"h":103.33,"l":103.26,"v":1234.0,"Time":"2020-12-02T18:40:00Z","Interval":"5min","Figi":"BBG000BXRPH1"}
{"o":103.26,"c":103.27,"h":103.33,"l":103.26,"v":1434.0,"Time":"2020-12-02T18:40:00Z","Interval":"5min","Figi":"BBG000BXRPH1"}
{"o":103.26,"c":103.2,"h":103.33,"l":103.2,"v":1499.0,"Time":"2020-12-02T18:40:00Z","Interval":"5min","Figi":"BBG000BXRPH1"}
{"o":103.26,"c":103.2,"h":103.33,"l":103.2,"v":1509.0,"Time":"2020-12-02T18:40:00Z","Interval":"5min","Figi":"BBG000BXRPH1"}
{"o":103.26,"c":103.13,"h":103.33,"l":103.13,"v":1709.0,"Time":"2020-12-02T18:40:00Z","Interval":"5min","Figi":"BBG000BXRPH1"}
{"o":103.26,"c":103.1,"h":103.33,"l":103.1,"v":1787.0,"Time":"2020-12-02T18:40:00Z","Interval":"5min","Figi":"BBG000BXRPH1"}
{"o":103.26,"c":103.1,"h":103.33,"l":103.1,"v":1809.0,"Time":"2020-12-02T18:40:00Z","Interval":"5min","Figi":"BBG000BXRPH1"}
{"o":103.26,"c":103.1,"h":103.33,"l":103.1,"v":1909.0,"Time":"2020-12-02T18:40:00Z","Interval":"5min","Figi":"BBG000BXRPH1"}
{"o":103.26,"c":103.1,"h":103.33,"l":103.1,"v":1915.0,"Time":"2020-12-02T18:40:00Z","Interval":"5min","Figi":"BBG000BXRPH1"}
{"o":103.26,"c":103.13,"h":103.33,"l":103.1,"v":2015.0,"Time":"2020-12-02T18:40:00Z","Interval":"5min","Figi":"BBG000BXRPH1"}
{"o":103.26,"c":103.13,"h":103.33,"l":103.1,"v":2115.0,"Time":"2020-12-02T18:40:00Z","Interval":"5min","Figi":"BBG000BXRPH1"}
{"o":103.26,"c":103.12,"h":103.33,"l":103.1,"v":2215.0,"Time":"2020-12-02T18:40:00Z","Interval":"5min","Figi":"BBG000BXRPH1"}
{"o":103.26,"c":103.1,"h":103.33,"l":103.1,"v":2315.0,"Time":"2020-12-02T18:40:00Z","Interval":"5min","Figi":"BBG000BXRPH1"}
{"o":103.26,"c":103.05,"h":103.33,"l":103.05,"v":2316.0,"Time":"2020-12-02T18:40:00Z","Interval":"5min","Figi":"BBG000BXRPH1"}
{"o":103.26,"c":103.04,"h":103.33,"l":103.04,"v":2516.0,"Time":"2020-12-02T18:40:00Z","Interval":"5min","Figi":"BBG000BXRPH1"}
{"o":103.26,"c":103.0,"h":103.33,"l":103.0,"v":2666.0,"Time":"2020-12-02T18:40:00Z","Interval":"5min","Figi":"BBG000BXRPH1"}
{"o":103.26,"c":103.0,"h":103.33,"l":103.0,"v":3066.0,"Time":"2020-12-02T18:40:00Z","Interval":"5min","Figi":"BBG000BXRPH1"}
{"o":103.26,"c":103.02,"h":103.33,"l":103.0,"v":3166.0,"Time":"2020-12-02T18:40:00Z","Interval":"5min","Figi":"BBG000BXRPH1"}
{"o":103.26,"c":103.0,"h":103.33,"l":103.0,"v":3266.0,"Time":"2020-12-02T18:40:00Z","Interval":"5min","Figi":"BBG000BXRPH1"}
{"o":103.26,"c":102.92,"h":103.33,"l":102.92,"v":3466.0,"Time":"2020-12-02T18:40:00Z","Interval":"5min","Figi":"BBG000BXRPH1"}
{"o":103.26,"c":102.88,"h":103.33,"l":102.88,"v":3565.0,"Time":"2020-12-02T18:40:00Z","Interval":"5min","Figi":"BBG000BXRPH1"}
{"o":103.26,"c":102.88,"h":103.33,"l":102.88,"v":3580.0,"Time":"2020-12-02T18:40:00Z","Interval":"5min","Figi":"BBG000BXRPH1"}
{"o":103.26,"c":102.86,"h":103.33,"l":102.86,"v":3780.0,"Time":"2020-12-02T18:40:00Z","Interval":"5min","Figi":"BBG000BXRPH1"}
{"o":103.26,"c":102.85,"h":103.33,"l":102.85,"v":3930.0,"Time":"2020-12-02T18:40:00Z","Interval":"5min","Figi":"BBG000BXRPH1"}
{"o":103.26,"c":102.85,"h":103.33,"l":102.85,"v":4000.0,"Time":"2020-12-02T18:40:00Z","Interval":"5min","Figi":"BBG000BXRPH1"}
{"o":103.26,"c":102.84,"h":103.33,"l":102.84,"v":4213.0,"Time":"2020-12-02T18:40:00Z","Interval":"5min","Figi":"BBG000BXRPH1"}
{"o":103.26,"c":102.8,"h":103.33,"l":102.8,"v":4282.0,"Time":"2020-12-02T18:40:00Z","Interval":"5min","Figi":"BBG000BXRPH1"}
{"o":103.26,"c":102.8,"h":103.33,"l":102.8,"v":4313.0,"Time":"2020-12-02T18:40:00Z","Interval":"5min","Figi":"BBG000BXRPH1"}
{"o":103.26,"c":102.76,"h":103.33,"l":102.76,"v":4460.0,"Time":"2020-12-02T18:40:00Z","Interval":"5min","Figi":"BBG000BXRPH1"}
{"o":103.26,"c":102.78,"h":103.33,"l":102.76,"v":4624.0,"Time":"2020-12-02T18:40:00Z","Interval":"5min","Figi":"BBG000BXRPH1"}
{"o":103.26,"c":102.79,"h":103.33,"l":102.76,"v":5117.0,"Time":"2020-12-02T18:40:00Z","Interval":"5min","Figi":"BBG000BXRPH1"}
{"o":103.26,"c":102.79,"h":103.33,"l":102.76,"v":5287.0,"Time":"2020-12-02T18:40:00Z","Interval":"5min","Figi":"BBG000BXRPH1"}
{"o":102.76,"c":102.76,"h":102.76,"l":102.76,"v":1.0,"Time":"2020-12-02T18:45:00Z","Interval":"5min","Figi":"BBG000BXRPH1"}
{"o":102.76,"c":102.75,"h":102.76,"l":102.75,"v":433.0,"Time":"2020-12-02T18:45:00Z","Interval":"5min","Figi":"BBG000BXRPH1"}
{"o":102.76,"c":102.75,"h":102.76,"l":102.75,"v":610.0,"Time":"2020-12-02T18:45:00Z","Interval":"5min","Figi":"BBG000BXRPH1"}
{"o":102.76,"c":102.76,"h":102.8,"l":102.75,"v":1020.0,"Time":"2020-12-02T18:45:00Z","Interval":"5min","Figi":"BBG000BXRPH1"}
{"o":102.76,"c":102.7,"h":102.8,"l":102.7,"v":1027.0,"Time":"2020-12-02T18:45:00Z","Interval":"5min","Figi":"BBG000BXRPH1"}
{"o":102.76,"c":102.68,"h":102.8,"l":102.68,"v":1101.0,"Time":"2020-12-02T18:45:00Z","Interval":"5min","Figi":"BBG000BXRPH1"}
{"o":102.76,"c":102.66,"h":102.8,"l":102.66,"v":1123.0,"Time":"2020-12-02T18:45:00Z","Interval":"5min","Figi":"BBG000BXRPH1"}
{"o":102.76,"c":102.72,"h":102.8,"l":102.66,"v":1128.0,"Time":"2020-12-02T18:45:00Z","Interval":"5min","Figi":"BBG000BXRPH1"}
{"o":102.76,"c":102.68,"h":102.8,"l":102.66,"v":1532.0,"Time":"2020-12-02T18:45:00Z","Interval":"5min","Figi":"BBG000BXRPH1"}
{"o":102.76,"c":102.64,"h":102.8,"l":102.64,"v":1696.0,"Time":"2020-12-02T18:45:00Z","Interval":"5min","Figi":"BBG000BXRPH1"}
{"o":102.76,"c":102.64,"h":102.8,"l":102.64,"v":1714.0,"Time":"2020-12-02T18:45:00Z","Interval":"5min","Figi":"BBG000BXRPH1"}
{"o":102.76,"c":102.66,"h":102.8,"l":102.64,"v":1715.0,"Time":"2020-12-02T18:45:00Z","Interval":"5min","Figi":"BBG000BXRPH1"}
{"o":102.76,"c":102.55,"h":102.8,"l":102.55,"v":1785.0,"Time":"2020-12-02T18:45:00Z","Interval":"5min","Figi":"BBG000BXRPH1"}
{"o":102.76,"c":102.55,"h":102.8,"l":102.55,"v":1796.0,"Time":"2020-12-02T18:45:00Z","Interval":"5min","Figi":"BBG000BXRPH1"}
{"o":102.76,"c":102.63,"h":102.8,"l":102.55,"v":2042.0,"Time":"2020-12-02T18:45:00Z","Interval":"5min","Figi":"BBG000BXRPH1"}
{"o":102.76,"c":102.56,"h":102.8,"l":102.55,"v":2368.0,"Time":"2020-12-02T18:45:00Z","Interval":"5min","Figi":"BBG000BXRPH1"}
{"o":102.76,"c":102.55,"h":102.8,"l":102.55,"v":2829.0,"Time":"2020-12-02T18:45:00Z","Interval":"5min","Figi":"BBG000BXRPH1"}
{"o":102.76,"c":102.48,"h":102.8,"l":102.48,"v":3029.0,"Time":"2020-12-02T18:45:00Z","Interval":"5min","Figi":"BBG000BXRPH1"}
{"o":102.76,"c":102.48,"h":102.8,"l":102.48,"v":3044.0,"Time":"2020-12-02T18:45:00Z","Interval":"5min","Figi":"BBG000BXRPH1"}
{"o":102.76,"c":102.48,"h":102.8,"l":102.48,"v":3256.0,"Time":"2020-12-02T18:45:00Z","Interval":"5min","Figi":"BBG000BXRPH1"}
{"o":102.76,"c":102.56,"h":102.8,"l":102.48,"v":3433.0,"Time":"2020-12-02T18:45:00Z","Interval":"5min","Figi":"BBG000BXRPH1"}
{"o":102.76,"c":102.56,"h":102.8,"l":102.48,"v":3456.0,"Time":"2020-12-02T18:45:00Z","Interval":"5min","Figi":"BBG000BXRPH1"}
{"o":102.76,"c":102.6,"h":102.8,"l":102.48,"v":3556.0,"Time":"2020-12-02T18:45:00Z","Interval":"5min","Figi":"BBG000BXRPH1"}
{"o":102.76,"c":102.62,"h":102.8,"l":102.48,"v":3857.0,"Time":"2020-12-02T18:45:00Z","Interval":"5min","Figi":"BBG000BXRPH1"}
{"o":102.76,"c":102.61,"h":102.8,"l":102.48,"v":4056.0,"Time":"2020-12-02T18:45:00Z","Interval":"5min","Figi":"BBG000BXRPH1"}
{"o":102.76,"c":102.64,"h":102.8,"l":102.48,"v":4356.0,"Time":"2020-12-02T18:45:00Z","Interval":"5min","Figi":"BBG000BXRPH1"}
{"o":102.76,"c":102.63,"h":102.8,"l":102.48,"v":4456.0,"Time":"2020-12-02T18:45:00Z","Interval":"5min","Figi":"BBG000BXRPH1"}
{"o":102.76,"c":102.61,"h":102.8,"l":102.48,"v":4656.0,"Time":"2020-12-02T18:45:00Z","Interval":"5min","Figi":"BBG000BXRPH1"}
{"o":102.58,"c":102.58,"h":102.58,"l":102.58,"v":30.0,"Time":"2020-12-02T18:50:00Z","Interval":"5min","Figi":"BBG000BXRPH1"}
{"o":102.58,"c":102.54,"h":102.58,"l":102.54,"v":31.0,"Time":"2020-12-02T18:50:00Z","Interval":"5min","Figi":"BBG000BXRPH1"}
{"o":102.58,"c":102.54,"h":102.58,"l":102.54,"v":131.0,"Time":"2020-12-02T18:50:00Z","Interval":"5min","Figi":"BBG000BXRPH1"}
{"o":102.58,"c":102.54,"h":102.58,"l":102.54,"v":131.0,"Time":"2020-12-02T18:50:00Z","Interval":"5min","Figi":"BBG000BXRPH1"}
{"o":102.58,"c":102.51,"h":102.58,"l":102.51,"v":142.0,"Time":"2020-12-02T18:50:00Z","Interval":"5min","Figi":"BBG000BXRPH1"}
{"o":102.58,"c":102.47,"h":102.58,"l":102.47,"v":354.0,"Time":"2020-12-02T18:50:00Z","Interval":"5min","Figi":"BBG000BXRPH1"}
{"o":102.58,"c":102.47,"h":102.58,"l":102.47,"v":391.0,"Time":"2020-12-02T18:50:00Z","Interval":"5min","Figi":"BBG000BXRPH1"}
{"o":102.58,"c":102.47,"h":102.58,"l":102.47,"v":491.0,"Time":"2020-12-02T18:50:00Z","Interval":"5min","Figi":"BBG000BXRPH1"}
{"o":102.58,"c":102.49,"h":102.58,"l":102.47,"v":1064.0,"Time":"2020-12-02T18:50:00Z","Interval":"5min","Figi":"BBG000BXRPH1"}
{"o":102.58,"c":102.5,"h":102.58,"l":102.47,"v":1301.0,"Time":"2020-12-02T18:50:00Z","Interval":"5min","Figi":"BBG000BXRPH1"}
{"o":102.58,"c":102.51,"h":102.58,"l":102.47,"v":1594.0,"Time":"2020-12-02T18:50:00Z","Interval":"5min","Figi":"BBG000BXRPH1"}
{"o":102.58,"c":102.53,"h":102.58,"l":102.47,"v":1794.0,"Time":"2020-12-02T18:50:00Z","Interval":"5min","Figi":"BBG000BXRPH1"}
{"o":102.58,"c":102.51,"h":102.58,"l":102.47,"v":1842.0,"Time":"2020-12-02T18:50:00Z","Interval":"5min","Figi":"BBG000BXRPH1"}
{"o":102.58,"c":102.51,"h":102.58,"l":102.47,"v":1917.0,"Time":"2020-12-02T18:50:00Z","Interval":"5min","Figi":"BBG000BXRPH1"}
{"o":102.58,"c":102.49,"h":102.58,"l":102.47,"v":2117.0,"Time":"2020-12-02T18:50:00Z","Interval":"5min","Figi":"BBG000BXRPH1"}
{"o":102.58,"c":102.5,"h":102.58,"l":102.47,"v":2262.0,"Time":"2020-12-02T18:50:00Z","Interval":"5min","Figi":"BBG000BXRPH1"}
{"o":102.58,"c":102.48,"h":102.58,"l":102.47,"v":2263.0,"Time":"2020-12-02T18:50:00Z","Interval":"5min","Figi":"BBG000BXRPH1"}
{"o":102.58,"c":102.43,"h":102.58,"l":102.43,"v":2563.0,"Time":"2020-12-02T18:50:00Z","Interval":"5min","Figi":"BBG000BXRPH1"}
{"o":102.58,"c":102.43,"h":102.58,"l":102.43,"v":2603.0,"Time":"2020-12-02T18:50:00Z","Interval":"5min","Figi":"BBG000BXRPH1"}
{"o":102.58,"c":102.4,"h":102.58,"l":102.4,"v":2615.0,"Time":"2020-12-02T18:50:00Z","Interval":"5min","Figi":"BBG000BXRPH1"}
{"o":102.58,"c":102.37,"h":102.58,"l":102.37,"v":2738.0,"Time":"2020-12-02T18:50:00Z","Interval":"5min","Figi":"BBG000BXRPH1"}
{"o":102.58,"c":102.34,"h":102.58,"l":102.34,"v":2838.0,"Time":"2020-12-02T18:50:00Z","Interval":"5min","Figi":"BBG000BXRPH1"}
{"o":102.58,"c":102.38,"h":102.58,"l":102.34,"v":2840.0,"Time":"2020-12-02T18:50:00Z","Interval":"5min","Figi":"BBG000BXRPH1"}
{"o":102.58,"c":102.4,"h":102.58,"l":102.34,"v":2996.0,"Time":"2020-12-02T18:50:00Z","Interval":"5min","Figi":"BBG000BXRPH1"}
{"o":102.58,"c":102.4,"h":102.58,"l":102.34,"v":3016.0,"Time":"2020-12-02T18:50:00Z","Interval":"5min","Figi":"BBG000BXRPH1"}
{"o":102.58,"c":102.45,"h":102.58,"l":102.34,"v":3261.0,"Time":"2020-12-02T18:50:00Z","Interval":"5min","Figi":"BBG000BXRPH1"}
{"o":102.58,"c":102.42,"h":102.58,"l":102.34,"v":3529.0,"Time":"2020-12-02T18:50:00Z","Interval":"5min","Figi":"BBG000BXRPH1"}
{"o":102.58,"c":102.42,"h":102.58,"l":102.34,"v":3618.0,"Time":"2020-12-02T18:50:00Z","Interval":"5min","Figi":"BBG000BXRPH1"}
{"o":102.58,"c":102.45,"h":102.58,"l":102.34,"v":3628.0,"Time":"2020-12-02T18:50:00Z","Interval":"5min","Figi":"BBG000BXRPH1"}
{"o":102.58,"c":102.4,"h":102.58,"l":102.34,"v":3936.0,"Time":"2020-12-02T18:50:00Z","Interval":"5min","Figi":"BBG000BXRPH1"}
{"o":102.58,"c":102.43,"h":102.58,"l":102.34,"v":3985.0,"Time":"2020-12-02T18:50:00Z","Interval":"5min","Figi":"BBG000BXRPH1"}
{"o":102.58,"c":102.35,"h":102.58,"l":102.34,"v":4161.0,"Time":"2020-12-02T18:50:00Z","Interval":"5min","Figi":"BBG000BXRPH1"}
{"o":102.35,"c":102.35,"h":102.35,"l":102.35,"v":92.0,"Time":"2020-12-02T18:55:00Z","Interval":"5min","Figi":"BBG000BXRPH1"}
{"o":102.35,"c":102.35,"h":102.35,"l":102.35,"v":100.0,"Time":"2020-12-02T18:55:00Z","Interval":"5min","Figi":"BBG000BXRPH1"}
{"o":102.35,"c":102.3,"h":102.35,"l":102.3,"v":200.0,"Time":"2020-12-02T18:55:00Z","Interval":"5min","Figi":"BBG000BXRPH1"}
{"o":102.35,"c":102.3,"h":102.35,"l":102.3,"v":201.0,"Time":"2020-12-02T18:55:00Z","Interval":"5min","Figi":"BBG000BXRPH1"}
{"o":102.35,"c":102.35,"h":102.35,"l":102.3,"v":202.0,"Time":"2020-12-02T18:55:00Z","Interval":"5min","Figi":"BBG000BXRPH1"}
{"o":102.35,"c":102.32,"h":102.35,"l":102.3,"v":223.0,"Time":"2020-12-02T18:55:00Z","Interval":"5min","Figi":"BBG000BXRPH1"}
{"o":102.35,"c":102.27,"h":102.35,"l":102.27,"v":323.0,"Time":"2020-12-02T18:55:00Z","Interval":"5min","Figi":"BBG000BXRPH1"}
{"o":102.35,"c":102.27,"h":102.35,"l":102.27,"v":475.0,"Time":"2020-12-02T18:55:00Z","Interval":"5min","Figi":"BBG000BXRPH1"}
{"o":102.35,"c":102.27,"h":102.35,"l":102.27,"v":509.0,"Time":"2020-12-02T18:55:00Z","Interval":"5min","Figi":"BBG000BXRPH1"}
{"o":102.35,"c":102.19,"h":102.35,"l":102.19,"v":609.0,"Time":"2020-12-02T18:55:00Z","Interval":"5min","Figi":"BBG000BXRPH1"}
{"o":102.35,"c":102.17,"h":102.35,"l":102.17,"v":610.0,"Time":"2020-12-02T18:55:00Z","Interval":"5min","Figi":"BBG000BXRPH1"}
{"o":102.35,"c":102.19,"h":102.35,"l":102.17,"v":711.0,"Time":"2020-12-02T18:55:00Z","Interval":"5min","Figi":"BBG000BXRPH1"}
{"o":102.35,"c":102.2,"h":102.35,"l":102.17,"v":822.0,"Time":"2020-12-02T18:55:00Z","Interval":"5min","Figi":"BBG000BXRPH1"}
{"o":102.35,"c":102.21,"h":102.35,"l":102.17,"v":823.0,"Time":"2020-12-02T18:55:00Z","Interval":"5min","Figi":"BBG000BXRPH1"}
{"o":102.35,"c":102.21,"h":102.35,"l":102.17,"v":922.0,"Time":"2020-12-02T18:55:00Z","Interval":"5min","Figi":"BBG000BXRPH1"}
{"o":102.35,"c":102.23,"h":102.35,"l":102.17,"v":1092.0,"Time":"2020-12-02T18:55:00Z","Interval":"5min","Figi":"BBG000BXRPH1"}
{"o":102.35,"c":102.24,"h":102.35,"l":102.17,"v":1272.0,"Time":"2020-12-02T18:55:00Z","Interval":"5min","Figi":"BBG000BXRPH1"}
{"o":102.35,"c":102.21,"h":102.35,"l":102.17,"v":1346.0,"Time":"2020-12-02T18:55:00Z","Interval":"5min","Figi":"BBG000BXRPH1"}
{"o":102.35,"c":102.19,"h":102.35,"l":102.17,"v":1392.0,"Time":"2020-12-02T18:55:00Z","Interval":"5min","Figi":"BBG000BXRPH1"}
{"o":102.35,"c":102.18,"h":102.35,"l":102.17,"v":1492.0,"Time":"2020-12-02T18:55:00Z","Interval":"5min","Figi":"BBG000BXRPH1"}
{"o":102.35,"c":102.11,"h":102.35,"l":102.11,"v":1500.0,"Time":"2020-12-02T18:55:00Z","Interval":"5min","Figi":"BBG000BXRPH1"}
{"o":102.35,"c":102.15,"h":102.35,"l":102.09,"v":1620.0,"Time":"2020-12-02T18:55:00Z","Interval":"5min","Figi":"BBG000BXRPH1"}
{"o":102.35,"c":102.07,"h":102.35,"l":102.07,"v":1826.0,"Time":"2020-12-02T18:55:00Z","Interval":"5min","Figi":"BBG000BXRPH1"}
{"o":102.35,"c":102.04,"h":102.35,"l":102.04,"v":1827.0,"Time":"2020-12-02T18:55:00Z","Interval":"5min","Figi":"BBG000BXRPH1"}
{"o":102.35,"c":102.04,"h":102.35,"l":102.04,"v":1937.0,"Time":"2020-12-02T18:55:00Z","Interval":"5min","Figi":"BBG000BXRPH1"}
{"o":102.35,"c":102.05,"h":102.35,"l":102.04,"v":1938.0,"Time":"2020-12-02T18:55:00Z","Interval":"5min","Figi":"BBG000BXRPH1"}
{"o":102.35,"c":102.02,"h":102.35,"l":102.02,"v":2038.0,"Time":"2020-12-02T18:55:00Z","Interval":"5min","Figi":"BBG000BXRPH1"}
{"o":102.35,"c":102.0,"h":102.35,"l":102.0,"v":2051.0,"Time":"2020-12-02T18:55:00Z","Interval":"5min","Figi":"BBG000BXRPH1"}
{"o":101.96,"c":101.95,"h":101.96,"l":101.95,"v":21.0,"Time":"2020-12-02T19:00:00Z","Interval":"5min","Figi":"BBG000BXRPH1"}
{"o":101.96,"c":101.92,"h":101.96,"l":101.92,"v":163.0,"Time":"2020-12-02T19:00:00Z","Interval":"5min","Figi":"BBG000BXRPH1"}
{"o":101.96,"c":101.87,"h":101.96,"l":101.87,"v":169.0,"Time":"2020-12-02T19:00:00Z","Interval":"5min","Figi":"BBG000BXRPH1"}
{"o":101.96,"c":101.87,"h":101.96,"l":101.87,"v":170.0,"Time":"2020-12-02T19:00:00Z","Interval":"5min","Figi":"BBG000BXRPH1"}
{"o":101.96,"c":101.9,"h":101.96,"l":101.87,"v":171.0,"Time":"2020-12-02T19:00:00Z","Interval":"5min","Figi":"BBG000BXRPH1"}
{"o":101.96,"c":101.94,"h":101.96,"l":101.87,"v":178.0,"Time":"2020-12-02T19:00:00Z","Interval":"5min","Figi":"BBG000BXRPH1"}
{"o":101.96,"c":101.94,"h":101.96,"l":101.87,"v":335.0,"Time":"2020-12-02T19:00:00Z","Interval":"5min","Figi":"BBG000BXRPH1"}
{"o":101.96,"c":101.93,"h":101.96,"l":101.87,"v":343.0,"Time":"2020-12-02T19:00:00Z","Interval":"5min","Figi":"BBG000BXRPH1"}
{"o":101.96,"c":102.02,"h":102.02,"l":101.87,"v":514.0,"Time":"2020-12-02T19:00:00Z","Interval":"5min","Figi":"BBG000BXRPH1"}
{"o":101.96,"c":102.12,"h":102.12,"l":101.87,"v":614.0,"Time":"2020-12-02T19:00:00Z","Interval":"5min","Figi":"BBG000BXRPH1"}
{"o":101.96,"c":102.14,"h":102.14,"l":101.87,"v":842.0,"Time":"2020-12-02T19:00:00Z","Interval":"5min","Figi":"BBG000BXRPH1"}
{"o":101.96,"c":102.14,"h":102.14,"l":101.87,"v":843.0,"Time":"2020-12-02T19:00:00Z","Interval":"5min","Figi":"BBG000BXRPH1"}
{"o":101.96,"c":102.1,"h":102.14,"l":101.87,"v":1092.0,"Time":"2020-12-02T19:00:00Z","Interval":"5min","Figi":"BBG000BXRPH1"}
{"o":101.96,"c":102.1,"h":102.14,"l":101.87,"v":1242.0,"Time":"2020-12-02T19:00:00Z","Interval":"5min","Figi":"BBG000BXRPH1"}
{"o":101.96,"c":102.09,"h":102.14,"l":101.87,"v":1542.0,"Time":"2020-12-02T19:00:00Z","Interval":"5min","Figi":"BBG000BXRPH1"}
{"o":101.96,"c":102.08,"h":102.14,"l":101.87,"v":1642.0,"Time":"2020-12-02T19:00:00Z","Interval":"5min","Figi":"BBG000BXRPH1"}
{"o":101.96,"c":102.05,"h":102.14,"l":101.87,"v":1682.0,"Time":"2020-12-02T19:00:00Z","Interval":"5min","Figi":"BBG000BXRPH1"}
{"o":101.96,"c":102.05,"h":102.14,"l":101.87,"v":1682.0,"Time":"2020-12-02T19:00:00Z","Interval":"5min","Figi":"BBG000BXRPH1"}
{"o":101.96,"c":102.06,"h":102.14,"l":101.87,"v":1688.0,"Time":"2020-12-02T19:00:00Z","Interval":"5min","Figi":"BBG000BXRPH1"}
{"o":101.96,"c":102.04,"h":102.14,"l":101.87,"v":1796.0,"Time":"2020-12-02T19:00:00Z","Interval":"5min","Figi":"BBG000BXRPH1"}
{"o":101.96,"c":102.08,"h":102.14,"l":101.87,"v":1996.0,"Time":"2020-12-02T19:00:00Z","Interval":"5min","Figi":"BBG000BXRPH1"}
{"o":101.96,"c":102.09,"h":102.14,"l":101.87,"v":2000.0,"Time":"2020-12-02T19:00:00Z","Interval":"5min","Figi":"BBG000BXRPH1"}
{"o":101.96,"c":102.05,"h":102.14,"l":101.87,"v":2041.0,"Time":"2020-12-02T19:00:00Z","Interval":"5min","Figi":"BBG000BXRPH1"}
{"o":101.96,"c":102.09,"h":102.14,"l":101.87,"v":2047.0,"Time":"2020-12-02T19:00:00Z","Interval":"5min","Figi":"BBG000BXRPH1"}
{"o":101.96,"c":102.1,"h":102.14,"l":101.87,"v":2247.0,"Time":"2020-12-02T19:00:00Z","Interval":"5min","Figi":"BBG000BXRPH1"}
{"o":101.96,"c":102.14,"h":102.14,"l":101.87,"v":2347.0,"Time":"2020-12-02T19:00:00Z","Interval":"5min","Figi":"BBG000BXRPH1"}
{"o":101.96,"c":102.14,"h":102.14,"l":101.87,"v":2348.0,"Time":"2020-12-02T19:00:00Z","Interval":"5min","Figi":"BBG000BXRPH1"}
{"o":101.96,"c":102.15,"h":102.15,"l":101.87,"v":2349.0,"Time":"2020-12-02T19:00:00Z","Interval":"5min","Figi":"BBG000BXRPH1"}
{"o":101.96,"c":102.18,"h":102.18,"l":101.87,"v":2487.0,"Time":"2020-12-02T19:00:00Z","Interval":"5min","Figi":"BBG000BXRPH1"}
{"o":101.96,"c":102.14,"h":102.18,"l":101.87,"v":2488.0,"Time":"2020-12-02T19:00:00Z","Interval":"5min","Figi":"BBG000BXRPH1"}
{"o":101.96,"c":102.14,"h":102.18,"l":101.87,"v":2589.0,"Time":"2020-12-02T19:00:00Z","Interval":"5min","Figi":"BBG000BXRPH1"}
{"o":101.96,"c":102.11,"h":102.18,"l":101.87,"v":2805.0,"Time":"2020-12-02T19:00:00Z","Interval":"5min","Figi":"BBG000BXRPH1"}
{"o":101.96,"c":102.11,"h":102.18,"l":101.87,"v":2905.0,"Time":"2020-12-02T19:00:00Z","Interval":"5min","Figi":"BBG000BXRPH1"}
{"o":101.96,"c":102.12,"h":102.18,"l":101.87,"v":3005.0,"Time":"2020-12-02T19:00:00Z","Interval":"5min","Figi":"BBG000BXRPH1"}
{"o":101.96,"c":102.11,"h":102.18,"l":101.87,"v":3105.0,"Time":"2020-12-02T19:00:00Z","Interval":"5min","Figi":"BBG000BXRPH1"}
{"o":101.96,"c":102.11,"h":102.18,"l":101.87,"v":3227.0,"Time":"2020-12-02T19:00:00Z","Interval":"5min","Figi":"BBG000BXRPH1"}
{"o":101.96,"c":102.12,"h":102.18,"l":101.87,"v":3332.0,"Time":"2020-12-02T19:00:00Z","Interval":"5min","Figi":"BBG000BXRPH1"}
{"o":101.96,"c":102.12,"h":102.18,"l":101.87,"v":3382.0,"Time":"2020-12-02T19:00:00Z","Interval":"5min","Figi":"BBG000BXRPH1"}
{"o":101.96,"c":102.16,"h":102.18,"l":101.87,"v":3383.0,"Time":"2020-12-02T19:00:00Z","Interval":"5min","Figi":"BBG000BXRPH1"}
{"o":101.96,"c":102.19,"h":102.19,"l":101.87,"v":3403.0,"Time":"2020-12-02T19:00:00Z","Interval":"5min","Figi":"BBG000BXRPH1"}
{"o":101.96,"c":102.26,"h":102.26,"l":101.87,"v":3417.0,"Time":"2020-12-02T19:00:00Z","Interval":"5min","Figi":"BBG000BXRPH1"}
{"o":101.96,"c":102.34,"h":102.34,"l":101.87,"v":3517.0,"Time":"2020-12-02T19:00:00Z","Interval":"5min","Figi":"BBG000BXRPH1"}
{"o":101.96,"c":102.36,"h":102.36,"l":101.87,"v":3523.0,"Time":"2020-12-02T19:00:00Z","Interval":"5min","Figi":"BBG000BXRPH1"}
{"o":102.36,"c":102.36,"h":102.36,"l":102.36,"v":134.0,"Time":"2020-12-02T19:05:00Z","Interval":"5min","Figi":"BBG000BXRPH1"}
{"o":102.36,"c":102.32,"h":102.36,"l":102.32,"v":139.0,"Time":"2020-12-02T19:05:00Z","Interval":"5min","Figi":"BBG000BXRPH1"}
{"o":102.36,"c":102.36,"h":102.36,"l":102.32,"v":239.0,"Time":"2020-12-02T19:05:00Z","Interval":"5min","Figi":"BBG000BXRPH1"}
{"o":102.36,"c":102.37,"h":102.37,"l":102.32,"v":389.0,"Time":"2020-12-02T19:05:00Z","Interval":"5min","Figi":"BBG000BXRPH1"}
{"o":102.36,"c":102.37,"h":102.37,"l":102.32,"v":509.0,"Time":"2020-12-02T19:05:00Z","Interval":"5min","Figi":"BBG000BXRPH1"}
{"o":102.36,"c":102.33,"h":102.37,"l":102.32,"v":516.0,"Time":"2020-12-02T19:05:00Z","Interval":"5min","Figi":"BBG000BXRPH1"}
{"o":102.36,"c":102.32,"h":102.37,"l":102.32,"v":716.0,"Time":"2020-12-02T19:05:00Z","Interval":"5min","Figi":"BBG000BXRPH1"}
{"o":102.36,"c":102.28,"h":102.37,"l":102.28,"v":766.0,"Time":"2020-12-02T19:05:00Z","Interval":"5min","Figi":"BBG000BXRPH1"}
{"o":102.36,"c":102.28,"h":102.37,"l":102.28,"v":804.0,"Time":"2020-12-02T19:05:00Z","Interval":"5min","Figi":"BBG000BXRPH1"}
{"o":102.36,"c":102.26,"h":102.37,"l":102.26,"v":806.0,"Time":"2020-12-02T19:05:00Z","Interval":"5min","Figi":"BBG000BXRPH1"}
{"o":102.36,"c":102.21,"h":102.37,"l":102.21,"v":1006.0,"Time":"2020-12-02T19:05:00Z","Interval":"5min","Figi":"BBG000BXRPH1"}
{"o":102.36,"c":102.17,"h":102.37,"l":102.17,"v":1052.0,"Time":"2020-12-02T19:05:00Z","Interval":"5min","Figi":"BBG000BXRPH1"}
{"o":102.36,"c":102.09,"h":102.37,"l":102.09,"v":1060.0,"Time":"2020-12-02T19:05:00Z","Interval":"5min","Figi":"BBG000BXRPH1"}
{"o":102.36,"c":102.08,"h":102.37,"l":102.08,"v":1160.0,"Time":"2020-12-02T19:05:00Z","Interval":"5min","Figi":"BBG000BXRPH1"}
{"o":102.36,"c":102.07,"h":102.37,"l":102.07,"v":1260.0,"Time":"2020-12-02T19:05:00Z","Interval":"5min","Figi":"BBG000BXRPH1"}
{"o":102.36,"c":101.97,"h":102.37,"l":101.97,"v":1507.0,"Time":"2020-12-02T19:05:00Z","Interval":"5min","Figi":"BBG000BXRPH1"}
{"o":102.36,"c":101.99,"h":102.37,"l":101.97,"v":1509.0,"Time":"2020-12-02T19:05:00Z","Interval":"5min","Figi":"BBG000BXRPH1"}
{"o":102.36,"c":102.0,"h":102.37,"l":101.97,"v":1631.0,"Time":"2020-12-02T19:05:00Z","Interval":"5min","Figi":"BBG000BXRPH1"}
{"o":102.36,"c":102.0,"h":102.37,"l":101.97,"v":1682.0,"Time":"2020-12-02T19:05:00Z","Interval":"5min","Figi":"BBG000BXRPH1"}
{"o":102.36,"c":102.0,"h":102.37,"l":101.97,"v":1782.0,"Time":"2020-12-02T19:05:00Z","Interval":"5min","Figi":"BBG000BXRPH1"}
{"o":102.36,"c":102.07,"h":102.37,"l":101.97,"v":1875.0,"Time":"2020-12-02T19:05:00Z","Interval":"5min","Figi":"BBG000BXRPH1"}
{"o":102.36,"c":102.04,"h":102.37,"l":101.97,"v":1876.0,"Time":"2020-12-02T19:05:00Z","Interval":"5min","Figi":"BBG000BXRPH1"}
{"o":102.36,"c":102.06,"h":102.37,"l":101.97,"v":2087.0,"Time":"2020-12-02T19:05:00Z","Interval":"5min","Figi":"BBG000BXRPH1"}
{"o":102.36,"c":102.01,"h":102.37,"l":101.97,"v":2093.0,"Time":"2020-12-02T19:05:00Z","Interval":"5min","Figi":"BBG000BXRPH1"}
{"o":102.09,"c":102.09,"h":102.09,"l":102.09,"v":152.0,"Time":"2020-12-02T19:10:00Z","Interval":"5min","Figi":"BBG000BXRPH1"}
{"o":102.09,"c":102.09,"h":102.09,"l":102.09,"v":154.0,"Time":"2020-12-02T19:10:00Z","Interval":"5min","Figi":"BBG000BXRPH1"}
{"o":102.09,"c":102.09,"h":102.09,"l":102.09,"v":156.0,"Time":"2020-12-02T19:10:00Z","Interval":"5min","Figi":"BBG000BXRPH1"}
{"o":102.09,"c":102.07,"h":102.09,"l":102.07,"v":264.0,"Time":"2020-12-02T19:10:00Z","Interval":"5min","Figi":"BBG000BXRPH1"}
{"o":102.09,"c":102.06,"h":102.09,"l":102.06,"v":364.0,"Time":"2020-12-02T19:10:00Z","Interval":"5min","Figi":"BBG000BXRPH1"}
{"o":102.09,"c":102.06,"h":102.09,"l":102.06,"v":369.0,"Time":"2020-12-02T19:10:00Z","Interval":"5min","Figi":"BBG000BXRPH1"}
{"o":102.09,"c":102.05,"h":102.09,"l":102.05,"v":370.0,"Time":"2020-12-02T19:10:00Z","Interval":"5min","Figi":"BBG000BXRPH1"}
{"o":102.09,"c":102.09,"h":102.09,"l":102.05,"v":383.0,"Time":"2020-12-02T19:10:00Z","Interval":"5min","Figi":"BBG000BXRPH1"}
{"o":102.09,"c":102.09,"h":102.09,"l":102.05,"v":393.0,"Time":"2020-12-02T19:10:00Z","Interval":"5min","Figi":"BBG000BXRPH1"}
{"o":102.09,"c":102.09,"h":102.09,"l":102.05,"v":477.0,"Time":"2020-12-02T19:10:00Z","Interval":"5min","Figi":"BBG000BXRPH1"}
{"o":102.09,"c":102.09,"h":102.09,"l":102.05,"v":480.0,"Time":"2020-12-02T19:10:00Z","Interval":"5min","Figi":"BBG000BXRPH1"}
{"o":102.09,"c":102.09,"h":102.09,"l":102.05,"v":516.0,"Time":"2020-12-02T19:10:00Z","Interval":"5min","Figi":"BBG000BXRPH1"}
{"o":102.09,"c":102.09,"h":102.09,"l":102.05,"v":580.0,"Time":"2020-12-02T19:10:00Z","Interval":"5min","Figi":"BBG000BXRPH1"}
{"o":102.09,"c":102.09,"h":102.09,"l":102.05,"v":685.0,"Time":"2020-12-02T19:10:00Z","Interval":"5min","Figi":"BBG000BXRPH1"}
{"o":102.09,"c":102.1,"h":102.1,"l":102.05,"v":786.0,"Time":"2020-12-02T19:10:00Z","Interval":"5min","Figi":"BBG000BXRPH1"}
{"o":102.09,"c":102.12,"h":102.12,"l":102.05,"v":840.0,"Time":"2020-12-02T19:10:00Z","Interval":"5min","Figi":"BBG000BXRPH1"}
{"o":102.09,"c":102.07,"h":102.12,"l":102.05,"v":945.0,"Time":"2020-12-02T19:10:00Z","Interval":"5min","Figi":"BBG000BXRPH1"}
{"o":102.09,"c":102.06,"h":102.12,"l":102.05,"v":1181.0,"Time":"2020-12-02T19:10:00Z","Interval":"5min","Figi":"BBG000BXRPH1"}
{"o":102.09,"c":102.12,"h":102.12,"l":102.05,"v":1187.0,"Time":"2020-12-02T19:10:00Z","Interval":"5min","Figi":"BBG000BXRPH1"}
{"o":102.09,"c":102.14,"h":102.14,"l":102.05,"v":1352.0,"Time":"2020-12-02T19:10:00Z","Interval":"5min","Figi":"BBG000BXRPH1"}
{"o":102.09,"c":102.15,"h":102.15,"l":102.05,"v":1545.0,"Time":"2020-12-02T19:10:00Z","Interval":"5min","Figi":"BBG000BXRPH1"}
{"o":102.09,"c":102.17,"h":102.17,"l":102.05,"v":1687.0,"Time":"2020-12-02T19:10:00Z","Interval":"5min","Figi":"BBG000BXRPH1"}
{"o":102.09,"c":102.21,"h":102.21,"l":102.05,"v":1721.0,"Time":"2020-12-02T19:10:00Z","Interval":"5min","Figi":"BBG000BXRPH1"}
{"o":102.09,"c":102.24,"h":102.24,"l":102.05,"v":1854.0,"Time":"2020-12-02T19:10:00Z","Interval":"5min","Figi":"BBG000BXRPH1"}
{"o":102.09,"c":102.24,"h":102.24,"l":102.05,"v":1879.0,"Time":"2020-12-02T19:10:00Z","Interval":"5min","Figi":"BBG000BXRPH1"}
{"o":102.09,"c":102.24,"h":102.24,"l":102.05,"v":1921.0,"Time":"2020-12-02T19:10:00Z","Interval":"5min","Figi":"BBG000BXRPH1"}
{"o":102.09,"c":102.3,"h":102.3,"l":102.05,"v":2063.0,"Time":"2020-12-02T19:10:00Z","Interval":"5min","Figi":"BBG000BXRPH1"}
{"o":102.09,"c":102.26,"h":102.3,"l":102.05,"v":2238.0,"Time":"2020-12-02T19:10:00Z","Interval":"5min","Figi":"BBG000BXRPH1"}
{"o":102.09,"c":102.22,"h":102.3,"l":102.05,"v":2338.0,"Time":"2020-12-02T19:10:00Z","Interval":"5min","Figi":"BBG000BXRPH1"}
{"o":102.09,"c":102.08,"h":102.3,"l":102.05,"v":2438.0,"Time":"2020-12-02T19:10:00Z","Interval":"5min","Figi":"BBG000BXRPH1"}
{"o":102.09,"c":102.12,"h":102.3,"l":102.05,"v":2448.0,"Time":"2020-12-02T19:10:00Z","Interval":"5min","Figi":"BBG000BXRPH1"}
{"o":102.09,"c":102.08,"h":102.3,"l":102.05,"v":2549.0,"Time":"2020-12-02T19:10:00Z","Interval":"5min","Figi":"BBG000BXRPH1"}
{"o":101.92,"c":101.92,"h":101.92,"l":101.92,"v":100.0,"Time":"2020-12-02T19:15:00Z","Interval":"5min","Figi":"BBG000BXRPH1"}
{"o":101.92,"c":101.92,"h":101.92,"l":101.92,"v":200.0,"Time":"2020-12-02T19:15:00Z","Interval":"5min","Figi":"BBG000BXRPH1"}
{"o":101.92,"c":101.94,"h":101.94,"l":101.92,"v":217.0,"Time":"2020-12-02T19:15:00Z","Interval":"5min","Figi":"BBG000BXRPH1"}
{"o":101.92,"c":101.94,"h":101.94,"l":101.92,"v":460.0,"Time":"2020-12-02T19:15:00Z","Interval":"5min","Figi":"BBG000BXRPH1"}
{"o":101.92,"c":101.94,"h":101.94,"l":101.92,"v":598.0,"Time":"2020-12-02T19:15:00Z","Interval":"5min","Figi":"BBG000BXRPH1"}
{"o":101.92,"c":101.97,"h":101.97,"l":101.92,"v":698.0,"Time":"2020-12-02T19:15:00Z","Interval":"5min","Figi":"BBG000BXRPH1"}
{"o":101.92,"c":102.02,"h":102.02,"l":101.92,"v":704.0,"Time":"2020-12-02T19:15:00Z","Interval":"5min","Figi":"BBG000BXRPH1"}
{"o":101.92,"c":102.02,"h":102.02,"l":101.92,"v":798.0,"Time":"2020-12-02T19:15:00Z","Interval":"5min","Figi":"BBG000BXRPH1"}
{"o":101.92,"c":102.11,"h":102.11,"l":101.92,"v":998.0,"Time":"2020-12-02T19:15:00Z","Interval":"5min","Figi":"BBG000BXRPH1"}
{"o":101.92,"c":102.18,"h":102.18,"l":101.92,"v":1143.0,"Time":"2020-12-02T19:15:00Z","Interval":"5min","Figi":"BBG000BXRPH1"}
{"o":101.92,"c":102.21,"h":102.21,"l":101.92,"v":1144.0,"Time":"2020-12-02T19:15:00Z","Interval":"5min","Figi":"BBG000BXRPH1"}
