{"o":23.5,"c":23.5,"h":23.5,"l":23.5,"v":1.0,"Time":"2020-11-24T07:50:00Z","Interval":"5min","Figi":"BBG005DLMMZ6"}
{"o":22.57,"c":22.57,"h":22.57,"l":22.57,"v":1.0,"Time":"2020-11-24T08:00:00Z","Interval":"5min","Figi":"BBG005DLMMZ6"}
{"o":22.57,"c":22.56,"h":22.57,"l":22.56,"v":6.0,"Time":"2020-11-24T08:00:00Z","Interval":"5min","Figi":"BBG005DLMMZ6"}
{"o":23.31,"c":23.31,"h":23.31,"l":23.31,"v":1.0,"Time":"2020-11-24T08:10:00Z","Interval":"5min","Figi":"BBG005DLMMZ6"}
{"o":22.51,"c":22.51,"h":22.51,"l":22.51,"v":19.0,"Time":"2020-11-24T08:25:00Z","Interval":"5min","Figi":"BBG005DLMMZ6"}
{"o":22.51,"c":22.51,"h":22.51,"l":22.51,"v":5.0,"Time":"2020-11-24T08:35:00Z","Interval":"5min","Figi":"BBG005DLMMZ6"}
{"o":22.51,"c":22.51,"h":22.51,"l":22.51,"v":35.0,"Time":"2020-11-24T08:35:00Z","Interval":"5min","Figi":"BBG005DLMMZ6"}
{"o":22.4,"c":22.39,"h":22.4,"l":22.39,"v":5.0,"Time":"2020-11-24T08:40:00Z","Interval":"5min","Figi":"BBG005DLMMZ6"}
{"o":22.4,"c":22.39,"h":22.4,"l":22.39,"v":5.0,"Time":"2020-11-24T08:40:00Z","Interval":"5min","Figi":"BBG005DLMMZ6"}
{"o":22.69,"c":22.69,"h":22.69,"l":22.69,"v":3.0,"Time":"2020-11-24T08:55:00Z","Interval":"5min","Figi":"BBG005DLMMZ6"}
{"o":22.69,"c":22.69,"h":22.69,"l":22.69,"v":3.0,"Time":"2020-11-24T08:55:00Z","Interval":"5min","Figi":"BBG005DLMMZ6"}
{"o":22.69,"c":22.69,"h":22.69,"l":22.69,"v":3.0,"Time":"2020-11-24T08:55:00Z","Interval":"5min","Figi":"BBG005DLMMZ6"}
{"o":22.63,"c":22.63,"h":22.63,"l":22.63,"v":5.0,"Time":"2020-11-24T09:30:00Z","Interval":"5min","Figi":"BBG005DLMMZ6"}
{"o":22.72,"c":22.72,"h":22.72,"l":22.72,"v":10.0,"Time":"2020-11-24T10:15:00Z","Interval":"5min","Figi":"BBG005DLMMZ6"}
{"o":22.72,"c":22.72,"h":22.72,"l":22.72,"v":15.0,"Time":"2020-11-24T10:40:00Z","Interval":"5min","Figi":"BBG005DLMMZ6"}
{"o":22.72,"c":22.74,"h":22.74,"l":22.72,"v":33.0,"Time":"2020-11-24T10:40:00Z","Interval":"5min","Figi":"BBG005DLMMZ6"}
{"o":22.72,"c":22.74,"h":22.74,"l":22.72,"v":33.0,"Time":"2020-11-24T10:40:00Z","Interval":"5min","Figi":"BBG005DLMMZ6"}
{"o":22.86,"c":22.5,"h":22.86,"l":22.5,"v":5.0,"Time":"2020-11-24T10:55:00Z","Interval":"5min","Figi":"BBG005DLMMZ6"}
{"o":22.85,"c":22.85,"h":22.85,"l":22.85,"v":2.0,"Time":"2020-11-24T11:15:00Z","Interval":"5min","Figi":"BBG005DLMMZ6"}
{"o":22.85,"c":22.85,"h":22.85,"l":22.85,"v":1.0,"Time":"2020-11-24T11:20:00Z","Interval":"5min","Figi":"BBG005DLMMZ6"}
{"o":22.52,"c":22.52,"h":22.52,"l":22.52,"v":5.0,"Time":"2020-11-24T11:25:00Z","Interval":"5min","Figi":"BBG005DLMMZ6"}
{"o":22.51,"c":22.5,"h":22.51,"l":22.5,"v":4.0,"Time":"2020-11-24T11:30:00Z","Interval":"5min","Figi":"BBG005DLMMZ6"}
{"o":22.51,"c":22.96,"h":22.96,"l":22.5,"v":13.0,"Time":"2020-11-24T11:30:00Z","Interval":"5min","Figi":"BBG005DLMMZ6"}
{"o":22.51,"c":22.97,"h":22.97,"l":22.5,"v":16.0,"Time":"2020-11-24T11:30:00Z","Interval":"5min","Figi":"BBG005DLMMZ6"}
{"o":22.77,"c":22.78,"h":22.78,"l":22.77,"v":4.0,"Time":"2020-11-24T12:40:00Z","Interval":"5min","Figi":"BBG005DLMMZ6"}
{"o":22.77,"c":22.78,"h":22.78,"l":22.77,"v":4.0,"Time":"2020-11-24T12:40:00Z","Interval":"5min","Figi":"BBG005DLMMZ6"}
{"o":22.77,"c":22.78,"h":22.78,"l":22.77,"v":4.0,"Time":"2020-11-24T12:40:00Z","Interval":"5min","Figi":"BBG005DLMMZ6"}
{"o":22.77,"c":22.78,"h":22.78,"l":22.77,"v":4.0,"Time":"2020-11-24T12:40:00Z","Interval":"5min","Figi":"BBG005DLMMZ6"}
{"o":22.77,"c":22.78,"h":22.78,"l":22.77,"v":4.0,"Time":"2020-11-24T12:40:00Z","Interval":"5min","Figi":"BBG005DLMMZ6"}
{"o":22.61,"c":22.61,"h":22.61,"l":22.61,"v":1.0,"Time":"2020-11-24T13:35:00Z","Interval":"5min","Figi":"BBG005DLMMZ6"}
{"o":22.61,"c":22.61,"h":22.61,"l":22.61,"v":1.0,"Time":"2020-11-24T13:35:00Z","Interval":"5min","Figi":"BBG005DLMMZ6"}
{"o":23.28,"c":23.28,"h":23.28,"l":23.28,"v":4.0,"Time":"2020-11-24T13:40:00Z","Interval":"5min","Figi":"BBG005DLMMZ6"}
{"o":23.28,"c":23.29,"h":23.29,"l":23.28,"v":5.0,"Time":"2020-11-24T13:40:00Z","Interval":"5min","Figi":"BBG005DLMMZ6"}
{"o":23.0,"c":23.0,"h":23.0,"l":23.0,"v":100.0,"Time":"2020-11-24T14:20:00Z","Interval":"5min","Figi":"BBG005DLMMZ6"}
{"o":23.18,"c":23.18,"h":23.18,"l":23.18,"v":40.0,"Time":"2020-11-24T14:25:00Z","Interval":"5min","Figi":"BBG005DLMMZ6"}
{"o":23.18,"c":23.19,"h":23.19,"l":23.18,"v":90.0,"Time":"2020-11-24T14:25:00Z","Interval":"5min","Figi":"BBG005DLMMZ6"}
{"o":23.0,"c":23.0,"h":23.0,"l":23.0,"v":3.0,"Time":"2020-11-24T14:30:00Z","Interval":"5min","Figi":"BBG005DLMMZ6"}
{"o":23.0,"c":23.21,"h":23.21,"l":23.0,"v":7548.0,"Time":"2020-11-24T14:30:00Z","Interval":"5min","Figi":"BBG005DLMMZ6"}
{"o":23.0,"c":23.01,"h":23.21,"l":23.0,"v":7552.0,"Time":"2020-11-24T14:30:00Z","Interval":"5min","Figi":"BBG005DLMMZ6"}
{"o":23.0,"c":23.01,"h":23.21,"l":23.0,"v":7592.0,"Time":"2020-11-24T14:30:00Z","Interval":"5min","Figi":"BBG005DLMMZ6"}
{"o":23.0,"c":23.14,"h":23.21,"l":23.0,"v":7595.0,"Time":"2020-11-24T14:30:00Z","Interval":"5min","Figi":"BBG005DLMMZ6"}
{"o":23.0,"c":23.21,"h":23.21,"l":23.0,"v":7598.0,"Time":"2020-11-24T14:30:00Z","Interval":"5min","Figi":"BBG005DLMMZ6"}
{"o":23.0,"c":23.2,"h":23.21,"l":23.0,"v":7599.0,"Time":"2020-11-24T14:30:00Z","Interval":"5min","Figi":"BBG005DLMMZ6"}
{"o":23.0,"c":23.21,"h":23.21,"l":23.0,"v":7602.0,"Time":"2020-11-24T14:30:00Z","Interval":"5min","Figi":"BBG005DLMMZ6"}
{"o":23.0,"c":23.21,"h":23.21,"l":23.0,"v":7608.0,"Time":"2020-11-24T14:30:00Z","Interval":"5min","Figi":"BBG005DLMMZ6"}
{"o":23.0,"c":23.26,"h":23.26,"l":23.0,"v":7908.0,"Time":"2020-11-24T14:30:00Z","Interval":"5min","Figi":"BBG005DLMMZ6"}
{"o":23.0,"c":23.26,"h":23.26,"l":23.0,"v":8139.0,"Time":"2020-11-24T14:30:00Z","Interval":"5min","Figi":"BBG005DLMMZ6"}
{"o":23.0,"c":23.3,"h":23.3,"l":23.0,"v":8192.0,"Time":"2020-11-24T14:30:00Z","Interval":"5min","Figi":"BBG005DLMMZ6"}
{"o":23.0,"c":23.32,"h":23.32,"l":23.0,"v":8492.0,"Time":"2020-11-24T14:30:00Z","Interval":"5min","Figi":"BBG005DLMMZ6"}
{"o":23.0,"c":23.29,"h":23.32,"l":23.0,"v":8498.0,"Time":"2020-11-24T14:30:00Z","Interval":"5min","Figi":"BBG005DLMMZ6"}
{"o":23.0,"c":23.29,"h":23.32,"l":23.0,"v":8499.0,"Time":"2020-11-24T14:30:00Z","Interval":"5min","Figi":"BBG005DLMMZ6"}
{"o":23.0,"c":23.29,"h":23.32,"l":23.0,"v":8500.0,"Time":"2020-11-24T14:30:00Z","Interval":"5min","Figi":"BBG005DLMMZ6"}
{"o":23.0,"c":23.29,"h":23.32,"l":23.0,"v":8501.0,"Time":"2020-11-24T14:30:00Z","Interval":"5min","Figi":"BBG005DLMMZ6"}
{"o":23.0,"c":23.29,"h":23.32,"l":23.0,"v":8502.0,"Time":"2020-11-24T14:30:00Z","Interval":"5min","Figi":"BBG005DLMMZ6"}
{"o":23.0,"c":23.29,"h":23.32,"l":23.0,"v":8503.0,"Time":"2020-11-24T14:30:00Z","Interval":"5min","Figi":"BBG005DLMMZ6"}
{"o":23.0,"c":23.29,"h":23.32,"l":23.0,"v":8504.0,"Time":"2020-11-24T14:30:00Z","Interval":"5min","Figi":"BBG005DLMMZ6"}
{"o":23.0,"c":23.29,"h":23.32,"l":23.0,"v":8505.0,"Time":"2020-11-24T14:30:00Z","Interval":"5min","Figi":"BBG005DLMMZ6"}
{"o":23.0,"c":23.29,"h":23.32,"l":23.0,"v":8506.0,"Time":"2020-11-24T14:30:00Z","Interval":"5min","Figi":"BBG005DLMMZ6"}
{"o":23.0,"c":23.29,"h":23.32,"l":23.0,"v":8507.0,"Time":"2020-11-24T14:30:00Z","Interval":"5min","Figi":"BBG005DLMMZ6"}
{"o":23.0,"c":23.3,"h":23.32,"l":23.0,"v":8508.0,"Time":"2020-11-24T14:30:00Z","Interval":"5min","Figi":"BBG005DLMMZ6"}
{"o":23.32,"c":23.32,"h":23.32,"l":23.32,"v":2.0,"Time":"2020-11-24T14:35:00Z","Interval":"5min","Figi":"BBG005DLMMZ6"}
{"o":23.32,"c":23.31,"h":23.32,"l":23.31,"v":5.0,"Time":"2020-11-24T14:35:00Z","Interval":"5min","Figi":"BBG005DLMMZ6"}
{"o":23.32,"c":23.31,"h":23.32,"l":23.31,"v":102.0,"Time":"2020-11-24T14:35:00Z","Interval":"5min","Figi":"BBG005DLMMZ6"}
{"o":23.32,"c":23.31,"h":23.32,"l":23.31,"v":105.0,"Time":"2020-11-24T14:35:00Z","Interval":"5min","Figi":"BBG005DLMMZ6"}
{"o":23.32,"c":23.32,"h":23.32,"l":23.31,"v":107.0,"Time":"2020-11-24T14:35:00Z","Interval":"5min","Figi":"BBG005DLMMZ6"}
{"o":23.32,"c":23.28,"h":23.32,"l":23.28,"v":122.0,"Time":"2020-11-24T14:35:00Z","Interval":"5min","Figi":"BBG005DLMMZ6"}
{"o":23.32,"c":23.28,"h":23.32,"l":23.28,"v":147.0,"Time":"2020-11-24T14:35:00Z","Interval":"5min","Figi":"BBG005DLMMZ6"}
{"o":23.32,"c":23.28,"h":23.32,"l":23.28,"v":148.0,"Time":"2020-11-24T14:35:00Z","Interval":"5min","Figi":"BBG005DLMMZ6"}
{"o":23.32,"c":23.32,"h":23.32,"l":23.28,"v":150.0,"Time":"2020-11-24T14:35:00Z","Interval":"5min","Figi":"BBG005DLMMZ6"}
{"o":23.32,"c":23.32,"h":23.32,"l":23.28,"v":156.0,"Time":"2020-11-24T14:35:00Z","Interval":"5min","Figi":"BBG005DLMMZ6"}
{"o":23.32,"c":23.31,"h":23.32,"l":23.28,"v":246.0,"Time":"2020-11-24T14:35:00Z","Interval":"5min","Figi":"BBG005DLMMZ6"}
{"o":23.32,"c":23.28,"h":23.32,"l":23.28,"v":300.0,"Time":"2020-11-24T14:35:00Z","Interval":"5min","Figi":"BBG005DLMMZ6"}
{"o":23.32,"c":23.23,"h":23.32,"l":23.23,"v":392.0,"Time":"2020-11-24T14:35:00Z","Interval":"5min","Figi":"BBG005DLMMZ6"}
{"o":23.32,"c":23.24,"h":23.32,"l":23.23,"v":839.0,"Time":"2020-11-24T14:35:00Z","Interval":"5min","Figi":"BBG005DLMMZ6"}
{"o":23.32,"c":23.22,"h":23.32,"l":23.22,"v":889.0,"Time":"2020-11-24T14:35:00Z","Interval":"5min","Figi":"BBG005DLMMZ6"}
{"o":23.32,"c":23.21,"h":23.32,"l":23.21,"v":1193.0,"Time":"2020-11-24T14:35:00Z","Interval":"5min","Figi":"BBG005DLMMZ6"}
{"o":23.32,"c":23.19,"h":23.32,"l":23.19,"v":1393.0,"Time":"2020-11-24T14:35:00Z","Interval":"5min","Figi":"BBG005DLMMZ6"}
{"o":23.32,"c":23.19,"h":23.32,"l":23.19,"v":1423.0,"Time":"2020-11-24T14:35:00Z","Interval":"5min","Figi":"BBG005DLMMZ6"}
{"o":23.32,"c":23.24,"h":23.32,"l":23.19,"v":1460.0,"Time":"2020-11-24T14:35:00Z","Interval":"5min","Figi":"BBG005DLMMZ6"}
{"o":23.32,"c":23.3,"h":23.32,"l":23.19,"v":1576.0,"Time":"2020-11-24T14:35:00Z","Interval":"5min","Figi":"BBG005DLMMZ6"}
{"o":23.32,"c":23.31,"h":23.32,"l":23.19,"v":1948.0,"Time":"2020-11-24T14:35:00Z","Interval":"5min","Figi":"BBG005DLMMZ6"}
{"o":23.32,"c":23.26,"h":23.32,"l":23.19,"v":1982.0,"Time":"2020-11-24T14:35:00Z","Interval":"5min","Figi":"BBG005DLMMZ6"}
{"o":23.34,"c":23.35,"h":23.35,"l":23.34,"v":203.0,"Time":"2020-11-24T14:40:00Z","Interval":"5min","Figi":"BBG005DLMMZ6"}
{"o":23.34,"c":23.35,"h":23.35,"l":23.34,"v":263.0,"Time":"2020-11-24T14:40:00Z","Interval":"5min","Figi":"BBG005DLMMZ6"}
{"o":23.34,"c":23.3,"h":23.35,"l":23.3,"v":691.0,"Time":"2020-11-24T14:40:00Z","Interval":"5min","Figi":"BBG005DLMMZ6"}
{"o":23.34,"c":23.28,"h":23.35,"l":23.28,"v":783.0,"Time":"2020-11-24T14:40:00Z","Interval":"5min","Figi":"BBG005DLMMZ6"}
{"o":23.34,"c":23.28,"h":23.35,"l":23.28,"v":883.0,"Time":"2020-11-24T14:40:00Z","Interval":"5min","Figi":"BBG005DLMMZ6"}
{"o":23.34,"c":23.33,"h":23.35,"l":23.28,"v":1321.0,"Time":"2020-11-24T14:40:00Z","Interval":"5min","Figi":"BBG005DLMMZ6"}
{"o":23.34,"c":23.33,"h":23.35,"l":23.28,"v":1483.0,"Time":"2020-11-24T14:40:00Z","Interval":"5min","Figi":"BBG005DLMMZ6"}
{"o":23.34,"c":23.33,"h":23.35,"l":23.28,"v":1683.0,"Time":"2020-11-24T14:40:00Z","Interval":"5min","Figi":"BBG005DLMMZ6"}
{"o":23.34,"c":23.33,"h":23.35,"l":23.28,"v":1783.0,"Time":"2020-11-24T14:40:00Z","Interval":"5min","Figi":"BBG005DLMMZ6"}
{"o":23.34,"c":23.32,"h":23.35,"l":23.28,"v":1803.0,"Time":"2020-11-24T14:40:00Z","Interval":"5min","Figi":"BBG005DLMMZ6"}
{"o":23.34,"c":23.29,"h":23.35,"l":23.28,"v":1809.0,"Time":"2020-11-24T14:40:00Z","Interval":"5min","Figi":"BBG005DLMMZ6"}
{"o":23.34,"c":23.3,"h":23.35,"l":23.28,"v":1959.0,"Time":"2020-11-24T14:40:00Z","Interval":"5min","Figi":"BBG005DLMMZ6"}
{"o":23.34,"c":23.29,"h":23.35,"l":23.28,"v":1979.0,"Time":"2020-11-24T14:40:00Z","Interval":"5min","Figi":"BBG005DLMMZ6"}
{"o":23.34,"c":23.32,"h":23.35,"l":23.28,"v":2079.0,"Time":"2020-11-24T14:40:00Z","Interval":"5min","Figi":"BBG005DLMMZ6"}
{"o":23.34,"c":23.32,"h":23.35,"l":23.28,"v":2079.0,"Time":"2020-11-24T14:40:00Z","Interval":"5min","Figi":"BBG005DLMMZ6"}
{"o":23.34,"c":23.34,"h":23.35,"l":23.28,"v":2569.0,"Time":"2020-11-24T14:40:00Z","Interval":"5min","Figi":"BBG005DLMMZ6"}
{"o":23.34,"c":23.37,"h":23.37,"l":23.28,"v":2570.0,"Time":"2020-11-24T14:40:00Z","Interval":"5min","Figi":"BBG005DLMMZ6"}
{"o":23.34,"c":23.32,"h":23.37,"l":23.28,"v":2575.0,"Time":"2020-11-24T14:40:00Z","Interval":"5min","Figi":"BBG005DLMMZ6"}
{"o":23.34,"c":23.35,"h":23.37,"l":23.28,"v":2595.0,"Time":"2020-11-24T14:40:00Z","Interval":"5min","Figi":"BBG005DLMMZ6"}
{"o":23.34,"c":23.37,"h":23.37,"l":23.28,"v":2608.0,"Time":"2020-11-24T14:40:00Z","Interval":"5min","Figi":"BBG005DLMMZ6"}
{"o":23.34,"c":23.38,"h":23.38,"l":23.28,"v":2702.0,"Time":"2020-11-24T14:40:00Z","Interval":"5min","Figi":"BBG005DLMMZ6"}
{"o":23.34,"c":23.42,"h":23.42,"l":23.28,"v":2806.0,"Time":"2020-11-24T14:40:00Z","Interval":"5min","Figi":"BBG005DLMMZ6"}
{"o":23.44,"c":23.44,"h":23.44,"l":23.44,"v":100.0,"Time":"2020-11-24T14:45:00Z","Interval":"5min","Figi":"BBG005DLMMZ6"}
{"o":23.44,"c":23.45,"h":23.45,"l":23.44,"v":120.0,"Time":"2020-11-24T14:45:00Z","Interval":"5min","Figi":"BBG005DLMMZ6"}
{"o":23.44,"c":23.42,"h":23.45,"l":23.42,"v":146.0,"Time":"2020-11-24T14:45:00Z","Interval":"5min","Figi":"BBG005DLMMZ6"}
{"o":23.44,"c":23.46,"h":23.46,"l":23.42,"v":266.0,"Time":"2020-11-24T14:45:00Z","Interval":"5min","Figi":"BBG005DLMMZ6"}
{"o":23.44,"c":23.38,"h":23.46,"l":23.38,"v":534.0,"Time":"2020-11-24T14:45:00Z","Interval":"5min","Figi":"BBG005DLMMZ6"}
{"o":23.41,"c":23.41,"h":23.41,"l":23.41,"v":10.0,"Time":"2020-11-24T14:50:00Z","Interval":"5min","Figi":"BBG005DLMMZ6"}
{"o":23.41,"c":23.45,"h":23.45,"l":23.41,"v":28.0,"Time":"2020-11-24T14:50:00Z","Interval":"5min","Figi":"BBG005DLMMZ6"}
{"o":23.41,"c":23.47,"h":23.47,"l":23.41,"v":176.0,"Time":"2020-11-24T14:50:00Z","Interval":"5min","Figi":"BBG005DLMMZ6"}
{"o":23.41,"c":23.5,"h":23.5,"l":23.41,"v":251.0,"Time":"2020-11-24T14:50:00Z","Interval":"5min","Figi":"BBG005DLMMZ6"}
{"o":23.41,"c":23.46,"h":23.5,"l":23.41,"v":257.0,"Time":"2020-11-24T14:50:00Z","Interval":"5min","Figi":"BBG005DLMMZ6"}
{"o":23.41,"c":23.5,"h":23.5,"l":23.41,"v":259.0,"Time":"2020-11-24T14:50:00Z","Interval":"5min","Figi":"BBG005DLMMZ6"}
{"o":23.41,"c":23.5,"h":23.62,"l":23.41,"v":496.0,"Time":"2020-11-24T14:50:00Z","Interval":"5min","Figi":"BBG005DLMMZ6"}
{"o":23.41,"c":23.51,"h":23.62,"l":23.41,"v":513.0,"Time":"2020-11-24T14:50:00Z","Interval":"5min","Figi":"BBG005DLMMZ6"}
{"o":23.41,"c":23.58,"h":23.62,"l":23.41,"v":613.0,"Time":"2020-11-24T14:50:00Z","Interval":"5min","Figi":"BBG005DLMMZ6"}
{"o":23.41,"c":23.58,"h":23.62,"l":23.41,"v":673.0,"Time":"2020-11-24T14:50:00Z","Interval":"5min","Figi":"BBG005DLMMZ6"}
{"o":23.41,"c":23.58,"h":23.62,"l":23.41,"v":748.0,"Time":"2020-11-24T14:50:00Z","Interval":"5min","Figi":"BBG005DLMMZ6"}
{"o":23.41,"c":23.58,"h":23.62,"l":23.41,"v":848.0,"Time":"2020-11-24T14:50:00Z","Interval":"5min","Figi":"BBG005DLMMZ6"}
{"o":23.41,"c":23.55,"h":23.62,"l":23.41,"v":881.0,"Time":"2020-11-24T14:50:00Z","Interval":"5min","Figi":"BBG005DLMMZ6"}
{"o":23.41,"c":23.56,"h":23.62,"l":23.41,"v":901.0,"Time":"2020-11-24T14:50:00Z","Interval":"5min","Figi":"BBG005DLMMZ6"}
{"o":23.54,"c":23.54,"h":23.54,"l":23.54,"v":200.0,"Time":"2020-11-24T14:55:00Z","Interval":"5min","Figi":"BBG005DLMMZ6"}
{"o":23.54,"c":23.54,"h":23.54,"l":23.54,"v":300.0,"Time":"2020-11-24T14:55:00Z","Interval":"5min","Figi":"BBG005DLMMZ6"}
{"o":23.54,"c":23.53,"h":23.54,"l":23.53,"v":500.0,"Time":"2020-11-24T14:55:00Z","Interval":"5min","Figi":"BBG005DLMMZ6"}
{"o":23.54,"c":23.53,"h":23.54,"l":23.53,"v":501.0,"Time":"2020-11-24T14:55:00Z","Interval":"5min","Figi":"BBG005DLMMZ6"}
{"o":23.54,"c":23.56,"h":23.56,"l":23.53,"v":505.0,"Time":"2020-11-24T14:55:00Z","Interval":"5min","Figi":"BBG005DLMMZ6"}
{"o":23.54,"c":23.55,"h":23.56,"l":23.53,"v":508.0,"Time":"2020-11-24T14:55:00Z","Interval":"5min","Figi":"BBG005DLMMZ6"}
{"o":23.54,"c":23.55,"h":23.56,"l":23.53,"v":528.0,"Time":"2020-11-24T14:55:00Z","Interval":"5min","Figi":"BBG005DLMMZ6"}
{"o":23.54,"c":23.57,"h":23.57,"l":23.53,"v":532.0,"Time":"2020-11-24T14:55:00Z","Interval":"5min","Figi":"BBG005DLMMZ6"}
{"o":23.59,"c":23.59,"h":23.59,"l":23.59,"v":23.0,"Time":"2020-11-24T15:00:00Z","Interval":"5min","Figi":"BBG005DLMMZ6"}
{"o":23.59,"c":23.57,"h":23.59,"l":23.57,"v":48.0,"Time":"2020-11-24T15:00:00Z","Interval":"5min","Figi":"BBG005DLMMZ6"}
{"o":23.59,"c":23.56,"h":23.59,"l":23.56,"v":73.0,"Time":"2020-11-24T15:00:00Z","Interval":"5min","Figi":"BBG005DLMMZ6"}
{"o":23.59,"c":23.56,"h":23.59,"l":23.56,"v":98.0,"Time":"2020-11-24T15:00:00Z","Interval":"5min","Figi":"BBG005DLMMZ6"}
{"o":23.59,"c":23.56,"h":23.59,"l":23.56,"v":198.0,"Time":"2020-11-24T15:00:00Z","Interval":"5min","Figi":"BBG005DLMMZ6"}
{"o":23.59,"c":23.56,"h":23.59,"l":23.56,"v":203.0,"Time":"2020-11-24T15:00:00Z","Interval":"5min","Figi":"BBG005DLMMZ6"}
{"o":23.59,"c":23.56,"h":23.59,"l":23.56,"v":298.0,"Time":"2020-11-24T15:00:00Z","Interval":"5min","Figi":"BBG005DLMMZ6"}
{"o":23.59,"c":23.55,"h":23.59,"l":23.55,"v":398.0,"Time":"2020-11-24T15:00:00Z","Interval":"5min","Figi":"BBG005DLMMZ6"}
{"o":23.59,"c":23.59,"h":23.59,"l":23.55,"v":673.0,"Time":"2020-11-24T15:00:00Z","Interval":"5min","Figi":"BBG005DLMMZ6"}
{"o":23.59,"c":23.59,"h":23.59,"l":23.55,"v":678.0,"Time":"2020-11-24T15:00:00Z","Interval":"5min","Figi":"BBG005DLMMZ6"}
{"o":23.59,"c":23.62,"h":23.62,"l":23.55,"v":778.0,"Time":"2020-11-24T15:00:00Z","Interval":"5min","Figi":"BBG005DLMMZ6"}
{"o":23.59,"c":23.6,"h":23.62,"l":23.55,"v":780.0,"Time":"2020-11-24T15:00:00Z","Interval":"5min","Figi":"BBG005DLMMZ6"}
{"o":23.59,"c":23.67,"h":23.67,"l":23.55,"v":820.0,"Time":"2020-11-24T15:00:00Z","Interval":"5min","Figi":"BBG005DLMMZ6"}
{"o":23.59,"c":23.61,"h":23.67,"l":23.55,"v":823.0,"Time":"2020-11-24T15:00:00Z","Interval":"5min","Figi":"BBG005DLMMZ6"}
{"o":23.59,"c":23.7,"h":23.7,"l":23.55,"v":923.0,"Time":"2020-11-24T15:00:00Z","Interval":"5min","Figi":"BBG005DLMMZ6"}
{"o":23.59,"c":23.68,"h":23.7,"l":23.55,"v":928.0,"Time":"2020-11-24T15:00:00Z","Interval":"5min","Figi":"BBG005DLMMZ6"}
{"o":23.59,"c":23.68,"h":23.7,"l":23.55,"v":948.0,"Time":"2020-11-24T15:00:00Z","Interval":"5min","Figi":"BBG005DLMMZ6"}
{"o":23.59,"c":23.7,"h":23.7,"l":23.55,"v":1048.0,"Time":"2020-11-24T15:00:00Z","Interval":"5min","Figi":"BBG005DLMMZ6"}
{"o":23.59,"c":23.7,"h":23.7,"l":23.55,"v":1049.0,"Time":"2020-11-24T15:00:00Z","Interval":"5min","Figi":"BBG005DLMMZ6"}
{"o":23.59,"c":23.67,"h":23.7,"l":23.55,"v":1258.0,"Time":"2020-11-24T15:00:00Z","Interval":"5min","Figi":"BBG005DLMMZ6"}
{"o":23.59,"c":23.67,"h":23.7,"l":23.55,"v":1275.0,"Time":"2020-11-24T15:00:00Z","Interval":"5min","Figi":"BBG005DLMMZ6"}
{"o":23.67,"c":23.67,"h":23.67,"l":23.67,"v":1.0,"Time":"2020-11-24T15:05:00Z","Interval":"5min","Figi":"BBG005DLMMZ6"}
{"o":23.67,"c":23.7,"h":23.7,"l":23.67,"v":591.0,"Time":"2020-11-24T15:05:00Z","Interval":"5min","Figi":"BBG005DLMMZ6"}
{"o":23.67,"c":23.65,"h":23.7,"l":23.65,"v":791.0,"Time":"2020-11-24T15:05:00Z","Interval":"5min","Figi":"BBG005DLMMZ6"}
{"o":23.67,"c":23.64,"h":23.7,"l":23.64,"v":796.0,"Time":"2020-11-24T15:05:00Z","Interval":"5min","Figi":"BBG005DLMMZ6"}
{"o":23.67,"c":23.64,"h":23.7,"l":23.64,"v":796.0,"Time":"2020-11-24T15:05:00Z","Interval":"5min","Figi":"BBG005DLMMZ6"}
{"o":23.67,"c":23.56,"h":23.7,"l":23.56,"v":799.0,"Time":"2020-11-24T15:05:00Z","Interval":"5min","Figi":"BBG005DLMMZ6"}
{"o":23.67,"c":23.55,"h":23.7,"l":23.55,"v":801.0,"Time":"2020-11-24T15:05:00Z","Interval":"5min","Figi":"BBG005DLMMZ6"}
{"o":23.67,"c":23.55,"h":23.7,"l":23.55,"v":806.0,"Time":"2020-11-24T15:05:00Z","Interval":"5min","Figi":"BBG005DLMMZ6"}
{"o":23.48,"c":23.48,"h":23.48,"l":23.48,"v":100.0,"Time":"2020-11-24T15:10:00Z","Interval":"5min","Figi":"BBG005DLMMZ6"}
{"o":23.48,"c":23.47,"h":23.48,"l":23.47,"v":207.0,"Time":"2020-11-24T15:10:00Z","Interval":"5min","Figi":"BBG005DLMMZ6"}
{"o":23.48,"c":23.42,"h":23.48,"l":23.42,"v":229.0,"Time":"2020-11-24T15:10:00Z","Interval":"5min","Figi":"BBG005DLMMZ6"}
{"o":23.48,"c":23.42,"h":23.48,"l":23.42,"v":234.0,"Time":"2020-11-24T15:10:00Z","Interval":"5min","Figi":"BBG005DLMMZ6"}
{"o":23.48,"c":23.49,"h":23.49,"l":23.42,"v":242.0,"Time":"2020-11-24T15:10:00Z","Interval":"5min","Figi":"BBG005DLMMZ6"}
{"o":23.48,"c":23.5,"h":23.5,"l":23.42,"v":250.0,"Time":"2020-11-24T15:10:00Z","Interval":"5min","Figi":"BBG005DLMMZ6"}
{"o":23.48,"c":23.51,"h":23.51,"l":23.42,"v":253.0,"Time":"2020-11-24T15:10:00Z","Interval":"5min","Figi":"BBG005DLMMZ6"}
{"o":23.48,"c":23.53,"h":23.53,"l":23.42,"v":300.0,"Time":"2020-11-24T15:10:00Z","Interval":"5min","Figi":"BBG005DLMMZ6"}
{"o":23.52,"c":23.52,"h":23.52,"l":23.52,"v":300.0,"Time":"2020-11-24T15:15:00Z","Interval":"5min","Figi":"BBG005DLMMZ6"}
{"o":23.52,"c":23.48,"h":23.52,"l":23.48,"v":500.0,"Time":"2020-11-24T15:15:00Z","Interval":"5min","Figi":"BBG005DLMMZ6"}
{"o":23.52,"c":23.48,"h":23.52,"l":23.48,"v":609.0,"Time":"2020-11-24T15:15:00Z","Interval":"5min","Figi":"BBG005DLMMZ6"}
{"o":23.52,"c":23.47,"h":23.52,"l":23.47,"v":709.0,"Time":"2020-11-24T15:15:00Z","Interval":"5min","Figi":"BBG005DLMMZ6"}
{"o":23.52,"c":23.41,"h":23.52,"l":23.41,"v":809.0,"Time":"2020-11-24T15:15:00Z","Interval":"5min","Figi":"BBG005DLMMZ6"}
{"o":23.52,"c":23.38,"h":23.52,"l":23.38,"v":828.0,"Time":"2020-11-24T15:15:00Z","Interval":"5min","Figi":"BBG005DLMMZ6"}
{"o":23.52,"c":23.42,"h":23.52,"l":23.38,"v":1103.0,"Time":"2020-11-24T15:15:00Z","Interval":"5min","Figi":"BBG005DLMMZ6"}
{"o":23.52,"c":23.42,"h":23.52,"l":23.38,"v":1131.0,"Time":"2020-11-24T15:15:00Z","Interval":"5min","Figi":"BBG005DLMMZ6"}
{"o":23.52,"c":23.44,"h":23.52,"l":23.38,"v":1197.0,"Time":"2020-11-24T15:15:00Z","Interval":"5min","Figi":"BBG005DLMMZ6"}
{"o":23.52,"c":23.46,"h":23.52,"l":23.38,"v":1201.0,"Time":"2020-11-24T15:15:00Z","Interval":"5min","Figi":"BBG005DLMMZ6"}
{"o":23.44,"c":23.44,"h":23.44,"l":23.44,"v":1.0,"Time":"2020-11-24T15:20:00Z","Interval":"5min","Figi":"BBG005DLMMZ6"}
{"o":23.44,"c":23.49,"h":23.49,"l":23.44,"v":261.0,"Time":"2020-11-24T15:20:00Z","Interval":"5min","Figi":"BBG005DLMMZ6"}
{"o":23.44,"c":23.5,"h":23.5,"l":23.44,"v":361.0,"Time":"2020-11-24T15:20:00Z","Interval":"5min","Figi":"BBG005DLMMZ6"}
{"o":23.44,"c":23.47,"h":23.5,"l":23.44,"v":377.0,"Time":"2020-11-24T15:20:00Z","Interval":"5min","Figi":"BBG005DLMMZ6"}
{"o":23.44,"c":23.47,"h":23.5,"l":23.44,"v":461.0,"Time":"2020-11-24T15:20:00Z","Interval":"5min","Figi":"BBG005DLMMZ6"}
{"o":23.44,"c":23.45,"h":23.5,"l":23.44,"v":466.0,"Time":"2020-11-24T15:20:00Z","Interval":"5min","Figi":"BBG005DLMMZ6"}
{"o":23.45,"c":23.45,"h":23.45,"l":23.45,"v":4.0,"Time":"2020-11-24T15:25:00Z","Interval":"5min","Figi":"BBG005DLMMZ6"}
{"o":23.45,"c":23.49,"h":23.49,"l":23.45,"v":7.0,"Time":"2020-11-24T15:25:00Z","Interval":"5min","Figi":"BBG005DLMMZ6"}
{"o":23.45,"c":23.51,"h":23.51,"l":23.45,"v":82.0,"Time":"2020-11-24T15:25:00Z","Interval":"5min","Figi":"BBG005DLMMZ6"}
{"o":23.45,"c":23.49,"h":23.51,"l":23.45,"v":182.0,"Time":"2020-11-24T15:25:00Z","Interval":"5min","Figi":"BBG005DLMMZ6"}
{"o":23.45,"c":23.45,"h":23.45,"l":23.45,"v":100.0,"Time":"2020-11-24T15:30:00Z","Interval":"5min","Figi":"BBG005DLMMZ6"}
{"o":23.45,"c":23.45,"h":23.45,"l":23.45,"v":300.0,"Time":"2020-11-24T15:30:00Z","Interval":"5min","Figi":"BBG005DLMMZ6"}
{"o":23.45,"c":23.44,"h":23.45,"l":23.44,"v":400.0,"Time":"2020-11-24T15:30:00Z","Interval":"5min","Figi":"BBG005DLMMZ6"}
{"o":23.45,"c":23.46,"h":23.46,"l":23.44,"v":545.0,"Time":"2020-11-24T15:30:00Z","Interval":"5min","Figi":"BBG005DLMMZ6"}
{"o":23.45,"c":23.46,"h":23.46,"l":23.44,"v":740.0,"Time":"2020-11-24T15:30:00Z","Interval":"5min","Figi":"BBG005DLMMZ6"}
{"o":23.45,"c":23.5,"h":23.5,"l":23.44,"v":940.0,"Time":"2020-11-24T15:30:00Z","Interval":"5min","Figi":"BBG005DLMMZ6"}
{"o":23.45,"c":23.5,"h":23.5,"l":23.44,"v":944.0,"Time":"2020-11-24T15:30:00Z","Interval":"5min","Figi":"BBG005DLMMZ6"}
{"o":23.45,"c":23.44,"h":23.5,"l":23.44,"v":950.0,"Time":"2020-11-24T15:30:00Z","Interval":"5min","Figi":"BBG005DLMMZ6"}
{"o":23.5,"c":23.5,"h":23.5,"l":23.5,"v":100.0,"Time":"2020-11-24T15:35:00Z","Interval":"5min","Figi":"BBG005DLMMZ6"}
{"o":23.5,"c":23.51,"h":23.51,"l":23.5,"v":245.0,"Time":"2020-11-24T15:35:00Z","Interval":"5min","Figi":"BBG005DLMMZ6"}
{"o":23.5,"c":23.5,"h":23.51,"l":23.5,"v":254.0,"Time":"2020-11-24T15:35:00Z","Interval":"5min","Figi":"BBG005DLMMZ6"}
{"o":23.5,"c":23.5,"h":23.51,"l":23.5,"v":354.0,"Time":"2020-11-24T15:35:00Z","Interval":"5min","Figi":"BBG005DLMMZ6"}
{"o":23.5,"c":23.5,"h":23.51,"l":23.5,"v":854.0,"Time":"2020-11-24T15:35:00Z","Interval":"5min","Figi":"BBG005DLMMZ6"}
{"o":23.5,"c":23.47,"h":23.51,"l":23.47,"v":954.0,"Time":"2020-11-24T15:35:00Z","Interval":"5min","Figi":"BBG005DLMMZ6"}
{"o":23.5,"c":23.46,"h":23.51,"l":23.46,"v":1054.0,"Time":"2020-11-24T15:35:00Z","Interval":"5min","Figi":"BBG005DLMMZ6"}
{"o":23.5,"c":23.46,"h":23.51,"l":23.46,"v":1154.0,"Time":"2020-11-24T15:35:00Z","Interval":"5min","Figi":"BBG005DLMMZ6"}
{"o":23.5,"c":23.43,"h":23.51,"l":23.43,"v":1225.0,"Time":"2020-11-24T15:35:00Z","Interval":"5min","Figi":"BBG005DLMMZ6"}
{"o":23.5,"c":23.43,"h":23.51,"l":23.43,"v":1354.0,"Time":"2020-11-24T15:35:00Z","Interval":"5min","Figi":"BBG005DLMMZ6"}
{"o":23.5,"c":23.43,"h":23.51,"l":23.43,"v":1474.0,"Time":"2020-11-24T15:35:00Z","Interval":"5min","Figi":"BBG005DLMMZ6"}
{"o":23.5,"c":23.44,"h":23.51,"l":23.43,"v":1703.0,"Time":"2020-11-24T15:35:00Z","Interval":"5min","Figi":"BBG005DLMMZ6"}
{"o":23.44,"c":23.44,"h":23.44,"l":23.44,"v":5.0,"Time":"2020-11-24T15:40:00Z","Interval":"5min","Figi":"BBG005DLMMZ6"}
{"o":23.44,"c":23.44,"h":23.44,"l":23.44,"v":28.0,"Time":"2020-11-24T15:40:00Z","Interval":"5min","Figi":"BBG005DLMMZ6"}
{"o":23.44,"c":23.45,"h":23.45,"l":23.44,"v":128.0,"Time":"2020-11-24T15:40:00Z","Interval":"5min","Figi":"BBG005DLMMZ6"}
{"o":23.44,"c":23.45,"h":23.45,"l":23.44,"v":232.0,"Time":"2020-11-24T15:40:00Z","Interval":"5min","Figi":"BBG005DLMMZ6"}
{"o":23.44,"c":23.46,"h":23.46,"l":23.44,"v":344.0,"Time":"2020-11-24T15:40:00Z","Interval":"5min","Figi":"BBG005DLMMZ6"}
{"o":23.44,"c":23.46,"h":23.46,"l":23.44,"v":549.0,"Time":"2020-11-24T15:40:00Z","Interval":"5min","Figi":"BBG005DLMMZ6"}
{"o":23.44,"c":23.45,"h":23.46,"l":23.44,"v":654.0,"Time":"2020-11-24T15:40:00Z","Interval":"5min","Figi":"BBG005DLMMZ6"}
{"o":23.44,"c":23.47,"h":23.47,"l":23.44,"v":658.0,"Time":"2020-11-24T15:40:00Z","Interval":"5min","Figi":"BBG005DLMMZ6"}
{"o":23.44,"c":23.53,"h":23.53,"l":23.44,"v":988.0,"Time":"2020-11-24T15:40:00Z","Interval":"5min","Figi":"BBG005DLMMZ6"}
{"o":23.44,"c":23.53,"h":23.53,"l":23.44,"v":1358.0,"Time":"2020-11-24T15:40:00Z","Interval":"5min","Figi":"BBG005DLMMZ6"}
{"o":23.44,"c":23.54,"h":23.54,"l":23.44,"v":1360.0,"Time":"2020-11-24T15:40:00Z","Interval":"5min","Figi":"BBG005DLMMZ6"}
{"o":23.44,"c":23.53,"h":23.54,"l":23.44,"v":1460.0,"Time":"2020-11-24T15:40:00Z","Interval":"5min","Figi":"BBG005DLMMZ6"}
{"o":23.44,"c":23.56,"h":23.56,"l":23.44,"v":1573.0,"Time":"2020-11-24T15:40:00Z","Interval":"5min","Figi":"BBG005DLMMZ6"}
{"o":23.44,"c":23.56,"h":23.56,"l":23.44,"v":1660.0,"Time":"2020-11-24T15:40:00Z","Interval":"5min","Figi":"BBG005DLMMZ6"}
{"o":23.44,"c":23.56,"h":23.56,"l":23.44,"v":1673.0,"Time":"2020-11-24T15:40:00Z","Interval":"5min","Figi":"BBG005DLMMZ6"}
{"o":23.44,"c":23.53,"h":23.56,"l":23.44,"v":1872.0,"Time":"2020-11-24T15:40:00Z","Interval":"5min","Figi":"BBG005DLMMZ6"}
{"o":23.44,"c":23.53,"h":23.56,"l":23.44,"v":2072.0,"Time":"2020-11-24T15:40:00Z","Interval":"5min","Figi":"BBG005DLMMZ6"}
{"o":23.44,"c":23.53,"h":23.56,"l":23.44,"v":2086.0,"Time":"2020-11-24T15:40:00Z","Interval":"5min","Figi":"BBG005DLMMZ6"}
{"o":23.44,"c":23.48,"h":23.56,"l":23.44,"v":2090.0,"Time":"2020-11-24T15:40:00Z","Interval":"5min","Figi":"BBG005DLMMZ6"}
{"o":23.55,"c":23.55,"h":23.55,"l":23.55,"v":200.0,"Time":"2020-11-24T15:45:00Z","Interval":"5min","Figi":"BBG005DLMMZ6"}
{"o":23.55,"c":23.56,"h":23.56,"l":23.55,"v":205.0,"Time":"2020-11-24T15:45:00Z","Interval":"5min","Figi":"BBG005DLMMZ6"}
{"o":23.55,"c":23.57,"h":23.57,"l":23.55,"v":310.0,"Time":"2020-11-24T15:45:00Z","Interval":"5min","Figi":"BBG005DLMMZ6"}
{"o":23.55,"c":23.54,"h":23.57,"l":23.54,"v":431.0,"Time":"2020-11-24T15:45:00Z","Interval":"5min","Figi":"BBG005DLMMZ6"}
{"o":23.55,"c":23.47,"h":23.57,"l":23.47,"v":462.0,"Time":"2020-11-24T15:45:00Z","Interval":"5min","Figi":"BBG005DLMMZ6"}
{"o":23.55,"c":23.51,"h":23.57,"l":23.47,"v":562.0,"Time":"2020-11-24T15:45:00Z","Interval":"5min","Figi":"BBG005DLMMZ6"}
{"o":23.55,"c":23.51,"h":23.57,"l":23.47,"v":567.0,"Time":"2020-11-24T15:45:00Z","Interval":"5min","Figi":"BBG005DLMMZ6"}
{"o":23.55,"c":23.52,"h":23.57,"l":23.47,"v":667.0,"Time":"2020-11-24T15:45:00Z","Interval":"5min","Figi":"BBG005DLMMZ6"}
{"o":23.55,"c":23.5,"h":23.57,"l":23.47,"v":767.0,"Time":"2020-11-24T15:45:00Z","Interval":"5min","Figi":"BBG005DLMMZ6"}
{"o":23.46,"c":23.46,"h":23.46,"l":23.46,"v":21.0,"Time":"2020-11-24T15:50:00Z","Interval":"5min","Figi":"BBG005DLMMZ6"}
{"o":23.46,"c":23.46,"h":23.46,"l":23.46,"v":121.0,"Time":"2020-11-24T15:50:00Z","Interval":"5min","Figi":"BBG005DLMMZ6"}
{"o":23.46,"c":23.44,"h":23.46,"l":23.44,"v":123.0,"Time":"2020-11-24T15:50:00Z","Interval":"5min","Figi":"BBG005DLMMZ6"}
{"o":23.46,"c":23.45,"h":23.46,"l":23.44,"v":128.0,"Time":"2020-11-24T15:50:00Z","Interval":"5min","Figi":"BBG005DLMMZ6"}
{"o":23.44,"c":23.44,"h":23.44,"l":23.44,"v":100.0,"Time":"2020-11-24T15:55:00Z","Interval":"5min","Figi":"BBG005DLMMZ6"}
{"o":23.44,"c":23.43,"h":23.44,"l":23.43,"v":109.0,"Time":"2020-11-24T15:55:00Z","Interval":"5min","Figi":"BBG005DLMMZ6"}
{"o":23.44,"c":23.46,"h":23.46,"l":23.43,"v":169.0,"Time":"2020-11-24T15:55:00Z","Interval":"5min","Figi":"BBG005DLMMZ6"}
{"o":23.44,"c":23.42,"h":23.46,"l":23.42,"v":296.0,"Time":"2020-11-24T15:55:00Z","Interval":"5min","Figi":"BBG005DLMMZ6"}
{"o":23.44,"c":23.42,"h":23.46,"l":23.42,"v":456.0,"Time":"2020-11-24T15:55:00Z","Interval":"5min","Figi":"BBG005DLMMZ6"}
{"o":23.44,"c":23.39,"h":23.46,"l":23.39,"v":656.0,"Time":"2020-11-24T15:55:00Z","Interval":"5min","Figi":"BBG005DLMMZ6"}
{"o":23.44,"c":23.41,"h":23.46,"l":23.39,"v":756.0,"Time":"2020-11-24T15:55:00Z","Interval":"5min","Figi":"BBG005DLMMZ6"}
{"o":23.44,"c":23.38,"h":23.46,"l":23.38,"v":761.0,"Time":"2020-11-24T15:55:00Z","Interval":"5min","Figi":"BBG005DLMMZ6"}
{"o":23.44,"c":23.4,"h":23.46,"l":23.38,"v":762.0,"Time":"2020-11-24T15:55:00Z","Interval":"5min","Figi":"BBG005DLMMZ6"}
{"o":23.44,"c":23.4,"h":23.46,"l":23.38,"v":887.0,"Time":"2020-11-24T15:55:00Z","Interval":"5min","Figi":"BBG005DLMMZ6"}
{"o":23.4,"c":23.4,"h":23.4,"l":23.4,"v":2.0,"Time":"2020-11-24T16:00:00Z","Interval":"5min","Figi":"BBG005DLMMZ6"}
{"o":23.4,"c":23.38,"h":23.4,"l":23.38,"v":555.0,"Time":"2020-11-24T16:00:00Z","Interval":"5min","Figi":"BBG005DLMMZ6"}
{"o":23.4,"c":23.36,"h":23.4,"l":23.36,"v":655.0,"Time":"2020-11-24T16:00:00Z","Interval":"5min","Figi":"BBG005DLMMZ6"}
{"o":23.4,"c":23.35,"h":23.4,"l":23.35,"v":685.0,"Time":"2020-11-24T16:00:00Z","Interval":"5min","Figi":"BBG005DLMMZ6"}
{"o":23.4,"c":23.38,"h":23.4,"l":23.35,"v":785.0,"Time":"2020-11-24T16:00:00Z","Interval":"5min","Figi":"BBG005DLMMZ6"}
{"o":23.4,"c":23.39,"h":23.4,"l":23.35,"v":1385.0,"Time":"2020-11-24T16:00:00Z","Interval":"5min","Figi":"BBG005DLMMZ6"}
{"o":23.4,"c":23.41,"h":23.41,"l":23.35,"v":2185.0,"Time":"2020-11-24T16:00:00Z","Interval":"5min","Figi":"BBG005DLMMZ6"}
{"o":23.4,"c":23.41,"h":23.41,"l":23.35,"v":2287.0,"Time":"2020-11-24T16:00:00Z","Interval":"5min","Figi":"BBG005DLMMZ6"}
{"o":23.4,"c":23.41,"h":23.41,"l":23.35,"v":2435.0,"Time":"2020-11-24T16:00:00Z","Interval":"5min","Figi":"BBG005DLMMZ6"}
{"o":23.4,"c":23.4,"h":23.41,"l":23.35,"v":2487.0,"Time":"2020-11-24T16:00:00Z","Interval":"5min","Figi":"BBG005DLMMZ6"}
{"o":23.4,"c":23.4,"h":23.41,"l":23.35,"v":2987.0,"Time":"2020-11-24T16:00:00Z","Interval":"5min","Figi":"BBG005DLMMZ6"}
{"o":23.4,"c":23.41,"h":23.41,"l":23.35,"v":3087.0,"Time":"2020-11-24T16:00:00Z","Interval":"5min","Figi":"BBG005DLMMZ6"}
{"o":23.4,"c":23.41,"h":23.41,"l":23.35,"v":3187.0,"Time":"2020-11-24T16:00:00Z","Interval":"5min","Figi":"BBG005DLMMZ6"}
{"o":23.4,"c":23.43,"h":23.43,"l":23.35,"v":3189.0,"Time":"2020-11-24T16:00:00Z","Interval":"5min","Figi":"BBG005DLMMZ6"}
{"o":23.4,"c":23.43,"h":23.43,"l":23.35,"v":3425.0,"Time":"2020-11-24T16:00:00Z","Interval":"5min","Figi":"BBG005DLMMZ6"}
{"o":23.4,"c":23.44,"h":23.44,"l":23.35,"v":3525.0,"Time":"2020-11-24T16:00:00Z","Interval":"5min","Figi":"BBG005DLMMZ6"}
{"o":23.4,"c":23.44,"h":23.44,"l":23.35,"v":3640.0,"Time":"2020-11-24T16:00:00Z","Interval":"5min","Figi":"BBG005DLMMZ6"}
{"o":23.44,"c":23.44,"h":23.44,"l":23.44,"v":1.0,"Time":"2020-11-24T16:05:00Z","Interval":"5min","Figi":"BBG005DLMMZ6"}
{"o":23.44,"c":23.38,"h":23.44,"l":23.38,"v":45.0,"Time":"2020-11-24T16:05:00Z","Interval":"5min","Figi":"BBG005DLMMZ6"}
{"o":23.44,"c":23.38,"h":23.44,"l":23.38,"v":45.0,"Time":"2020-11-24T16:05:00Z","Interval":"5min","Figi":"BBG005DLMMZ6"}
{"o":23.44,"c":23.35,"h":23.44,"l":23.35,"v":70.0,"Time":"2020-11-24T16:05:00Z","Interval":"5min","Figi":"BBG005DLMMZ6"}
{"o":23.44,"c":23.37,"h":23.44,"l":23.35,"v":170.0,"Time":"2020-11-24T16:05:00Z","Interval":"5min","Figi":"BBG005DLMMZ6"}
{"o":23.44,"c":23.37,"h":23.44,"l":23.35,"v":206.0,"Time":"2020-11-24T16:05:00Z","Interval":"5min","Figi":"BBG005DLMMZ6"}
{"o":23.44,"c":23.37,"h":23.44,"l":23.35,"v":206.0,"Time":"2020-11-24T16:05:00Z","Interval":"5min","Figi":"BBG005DLMMZ6"}
{"o":23.44,"c":23.38,"h":23.44,"l":23.35,"v":606.0,"Time":"2020-11-24T16:05:00Z","Interval":"5min","Figi":"BBG005DLMMZ6"}
{"o":23.44,"c":23.38,"h":23.44,"l":23.35,"v":806.0,"Time":"2020-11-24T16:05:00Z","Interval":"5min","Figi":"BBG005DLMMZ6"}
{"o":23.35,"c":23.35,"h":23.35,"l":23.35,"v":300.0,"Time":"2020-11-24T16:10:00Z","Interval":"5min","Figi":"BBG005DLMMZ6"}
{"o":23.35,"c":23.33,"h":23.35,"l":23.33,"v":339.0,"Time":"2020-11-24T16:10:00Z","Interval":"5min","Figi":"BBG005DLMMZ6"}
{"o":23.35,"c":23.33,"h":23.35,"l":23.33,"v":539.0,"Time":"2020-11-24T16:10:00Z","Interval":"5min","Figi":"BBG005DLMMZ6"}
{"o":23.35,"c":23.33,"h":23.35,"l":23.33,"v":589.0,"Time":"2020-11-24T16:10:00Z","Interval":"5min","Figi":"BBG005DLMMZ6"}
{"o":23.35,"c":23.32,"h":23.35,"l":23.32,"v":689.0,"Time":"2020-11-24T16:10:00Z","Interval":"5min","Figi":"BBG005DLMMZ6"}
{"o":23.35,"c":23.35,"h":23.35,"l":23.32,"v":789.0,"Time":"2020-11-24T16:10:00Z","Interval":"5min","Figi":"BBG005DLMMZ6"}
{"o":23.35,"c":23.35,"h":23.35,"l":23.32,"v":789.0,"Time":"2020-11-24T16:10:00Z","Interval":"5min","Figi":"BBG005DLMMZ6"}
{"o":23.33,"c":23.33,"h":23.33,"l":23.33,"v":10.0,"Time":"2020-11-24T16:15:00Z","Interval":"5min","Figi":"BBG005DLMMZ6"}
{"o":23.33,"c":23.33,"h":23.33,"l":23.33,"v":30.0,"Time":"2020-11-24T16:15:00Z","Interval":"5min","Figi":"BBG005DLMMZ6"}
{"o":23.33,"c":23.33,"h":23.33,"l":23.33,"v":30.0,"Time":"2020-11-24T16:15:00Z","Interval":"5min","Figi":"BBG005DLMMZ6"}
{"o":23.33,"c":23.35,"h":23.35,"l":23.33,"v":556.0,"Time":"2020-11-24T16:15:00Z","Interval":"5min","Figi":"BBG005DLMMZ6"}
{"o":23.33,"c":23.36,"h":23.36,"l":23.33,"v":592.0,"Time":"2020-11-24T16:15:00Z","Interval":"5min","Figi":"BBG005DLMMZ6"}
{"o":23.33,"c":23.39,"h":23.39,"l":23.33,"v":633.0,"Time":"2020-11-24T16:15:00Z","Interval":"5min","Figi":"BBG005DLMMZ6"}
{"o":23.33,"c":23.41,"h":23.41,"l":23.33,"v":640.0,"Time":"2020-11-24T16:15:00Z","Interval":"5min","Figi":"BBG005DLMMZ6"}
{"o":23.33,"c":23.41,"h":23.41,"l":23.33,"v":650.0,"Time":"2020-11-24T16:15:00Z","Interval":"5min","Figi":"BBG005DLMMZ6"}
{"o":23.38,"c":23.38,"h":23.38,"l":23.38,"v":1.0,"Time":"2020-11-24T16:20:00Z","Interval":"5min","Figi":"BBG005DLMMZ6"}
{"o":23.38,"c":23.4,"h":23.4,"l":23.38,"v":104.0,"Time":"2020-11-24T16:20:00Z","Interval":"5min","Figi":"BBG005DLMMZ6"}
{"o":23.38,"c":23.4,"h":23.4,"l":23.38,"v":257.0,"Time":"2020-11-24T16:20:00Z","Interval":"5min","Figi":"BBG005DLMMZ6"}
{"o":23.38,"c":23.4,"h":23.4,"l":23.38,"v":929.0,"Time":"2020-11-24T16:20:00Z","Interval":"5min","Figi":"BBG005DLMMZ6"}
{"o":23.38,"c":23.41,"h":23.41,"l":23.38,"v":1130.0,"Time":"2020-11-24T16:20:00Z","Interval":"5min","Figi":"BBG005DLMMZ6"}
{"o":23.5,"c":23.5,"h":23.5,"l":23.5,"v":32.0,"Time":"2020-11-24T16:25:00Z","Interval":"5min","Figi":"BBG005DLMMZ6"}
{"o":23.5,"c":23.5,"h":23.5,"l":23.5,"v":42.0,"Time":"2020-11-24T16:25:00Z","Interval":"5min","Figi":"BBG005DLMMZ6"}
{"o":23.5,"c":23.54,"h":23.54,"l":23.5,"v":84.0,"Time":"2020-11-24T16:25:00Z","Interval":"5min","Figi":"BBG005DLMMZ6"}
{"o":23.5,"c":23.53,"h":23.54,"l":23.5,"v":137.0,"Time":"2020-11-24T16:25:00Z","Interval":"5min","Figi":"BBG005DLMMZ6"}
{"o":23.5,"c":23.53,"h":23.54,"l":23.5,"v":137.0,"Time":"2020-11-24T16:25:00Z","Interval":"5min","Figi":"BBG005DLMMZ6"}
{"o":23.5,"c":23.54,"h":23.54,"l":23.5,"v":503.0,"Time":"2020-11-24T16:25:00Z","Interval":"5min","Figi":"BBG005DLMMZ6"}
{"o":23.5,"c":23.54,"h":23.54,"l":23.5,"v":821.0,"Time":"2020-11-24T16:25:00Z","Interval":"5min","Figi":"BBG005DLMMZ6"}
{"o":23.5,"c":23.54,"h":23.54,"l":23.5,"v":833.0,"Time":"2020-11-24T16:25:00Z","Interval":"5min","Figi":"BBG005DLMMZ6"}
{"o":23.5,"c":23.54,"h":23.54,"l":23.5,"v":1033.0,"Time":"2020-11-24T16:25:00Z","Interval":"5min","Figi":"BBG005DLMMZ6"}
{"o":23.5,"c":23.54,"h":23.54,"l":23.5,"v":1121.0,"Time":"2020-11-24T16:25:00Z","Interval":"5min","Figi":"BBG005DLMMZ6"}
{"o":23.5,"c":23.54,"h":23.54,"l":23.5,"v":1221.0,"Time":"2020-11-24T16:25:00Z","Interval":"5min","Figi":"BBG005DLMMZ6"}
{"o":23.5,"c":23.57,"h":23.57,"l":23.5,"v":1266.0,"Time":"2020-11-24T16:25:00Z","Interval":"5min","Figi":"BBG005DLMMZ6"}
{"o":23.62,"c":23.62,"h":23.62,"l":23.62,"v":2.0,"Time":"2020-11-24T16:30:00Z","Interval":"5min","Figi":"BBG005DLMMZ6"}
{"o":23.62,"c":23.66,"h":23.66,"l":23.62,"v":151.0,"Time":"2020-11-24T16:30:00Z","Interval":"5min","Figi":"BBG005DLMMZ6"}
{"o":23.62,"c":23.6,"h":23.66,"l":23.6,"v":171.0,"Time":"2020-11-24T16:30:00Z","Interval":"5min","Figi":"BBG005DLMMZ6"}
{"o":23.62,"c":23.71,"h":23.71,"l":23.6,"v":271.0,"Time":"2020-11-24T16:30:00Z","Interval":"5min","Figi":"BBG005DLMMZ6"}
{"o":23.62,"c":23.67,"h":23.71,"l":23.6,"v":284.0,"Time":"2020-11-24T16:30:00Z","Interval":"5min","Figi":"BBG005DLMMZ6"}
{"o":23.62,"c":23.74,"h":23.74,"l":23.6,"v":507.0,"Time":"2020-11-24T16:30:00Z","Interval":"5min","Figi":"BBG005DLMMZ6"}
{"o":23.62,"c":23.73,"h":23.74,"l":23.6,"v":508.0,"Time":"2020-11-24T16:30:00Z","Interval":"5min","Figi":"BBG005DLMMZ6"}
{"o":23.62,"c":23.74,"h":23.74,"l":23.6,"v":608.0,"Time":"2020-11-24T16:30:00Z","Interval":"5min","Figi":"BBG005DLMMZ6"}
{"o":23.62,"c":23.77,"h":23.77,"l":23.6,"v":609.0,"Time":"2020-11-24T16:30:00Z","Interval":"5min","Figi":"BBG005DLMMZ6"}
{"o":23.62,"c":23.78,"h":23.78,"l":23.6,"v":623.0,"Time":"2020-11-24T16:30:00Z","Interval":"5min","Figi":"BBG005DLMMZ6"}
{"o":23.62,"c":23.77,"h":23.78,"l":23.6,"v":714.0,"Time":"2020-11-24T16:30:00Z","Interval":"5min","Figi":"BBG005DLMMZ6"}
{"o":23.62,"c":23.76,"h":23.78,"l":23.6,"v":715.0,"Time":"2020-11-24T16:30:00Z","Interval":"5min","Figi":"BBG005DLMMZ6"}
{"o":23.62,"c":23.76,"h":23.78,"l":23.6,"v":715.0,"Time":"2020-11-24T16:30:00Z","Interval":"5min","Figi":"BBG005DLMMZ6"}
{"o":23.78,"c":23.8,"h":23.8,"l":23.78,"v":101.0,"Time":"2020-11-24T16:35:00Z","Interval":"5min","Figi":"BBG005DLMMZ6"}
{"o":23.78,"c":23.78,"h":23.8,"l":23.78,"v":201.0,"Time":"2020-11-24T16:35:00Z","Interval":"5min","Figi":"BBG005DLMMZ6"}
{"o":23.78,"c":23.79,"h":23.8,"l":23.78,"v":251.0,"Time":"2020-11-24T16:35:00Z","Interval":"5min","Figi":"BBG005DLMMZ6"}
{"o":23.78,"c":23.79,"h":23.8,"l":23.78,"v":251.0,"Time":"2020-11-24T16:35:00Z","Interval":"5min","Figi":"BBG005DLMMZ6"}
{"o":23.78,"c":23.78,"h":23.8,"l":23.78,"v":252.0,"Time":"2020-11-24T16:35:00Z","Interval":"5min","Figi":"BBG005DLMMZ6"}
{"o":23.78,"c":23.8,"h":23.8,"l":23.78,"v":353.0,"Time":"2020-11-24T16:35:00Z","Interval":"5min","Figi":"BBG005DLMMZ6"}
{"o":23.78,"c":23.83,"h":23.83,"l":23.78,"v":378.0,"Time":"2020-11-24T16:35:00Z","Interval":"5min","Figi":"BBG005DLMMZ6"}
{"o":23.82,"c":23.82,"h":23.82,"l":23.82,"v":5.0,"Time":"2020-11-24T16:40:00Z","Interval":"5min","Figi":"BBG005DLMMZ6"}
{"o":23.82,"c":23.82,"h":23.82,"l":23.82,"v":18.0,"Time":"2020-11-24T16:40:00Z","Interval":"5min","Figi":"BBG005DLMMZ6"}
{"o":23.82,"c":23.82,"h":23.82,"l":23.82,"v":28.0,"Time":"2020-11-24T16:40:00Z","Interval":"5min","Figi":"BBG005DLMMZ6"}
{"o":23.82,"c":23.82,"h":23.82,"l":23.82,"v":28.0,"Time":"2020-11-24T16:40:00Z","Interval":"5min","Figi":"BBG005DLMMZ6"}
{"o":23.76,"c":23.77,"h":23.77,"l":23.76,"v":57.0,"Time":"2020-11-24T16:45:00Z","Interval":"5min","Figi":"BBG005DLMMZ6"}
{"o":23.76,"c":23.77,"h":23.77,"l":23.76,"v":57.0,"Time":"2020-11-24T16:45:00Z","Interval":"5min","Figi":"BBG005DLMMZ6"}
{"o":23.76,"c":23.79,"h":23.79,"l":23.76,"v":157.0,"Time":"2020-11-24T16:45:00Z","Interval":"5min","Figi":"BBG005DLMMZ6"}
{"o":23.76,"c":23.81,"h":23.81,"l":23.76,"v":168.0,"Time":"2020-11-24T16:45:00Z","Interval":"5min","Figi":"BBG005DLMMZ6"}
{"o":23.76,"c":23.84,"h":23.84,"l":23.76,"v":276.0,"Time":"2020-11-24T16:45:00Z","Interval":"5min","Figi":"BBG005DLMMZ6"}
{"o":23.76,"c":23.85,"h":23.85,"l":23.76,"v":290.0,"Time":"2020-11-24T16:45:00Z","Interval":"5min","Figi":"BBG005DLMMZ6"}
{"o":23.76,"c":23.85,"h":23.85,"l":23.76,"v":390.0,"Time":"2020-11-24T16:45:00Z","Interval":"5min","Figi":"BBG005DLMMZ6"}
{"o":23.76,"c":23.86,"h":23.86,"l":23.76,"v":911.0,"Time":"2020-11-24T16:45:00Z","Interval":"5min","Figi":"BBG005DLMMZ6"}
{"o":23.76,"c":23.83,"h":23.86,"l":23.76,"v":1011.0,"Time":"2020-11-24T16:45:00Z","Interval":"5min","Figi":"BBG005DLMMZ6"}
{"o":23.76,"c":23.83,"h":23.86,"l":23.76,"v":1111.0,"Time":"2020-11-24T16:45:00Z","Interval":"5min","Figi":"BBG005DLMMZ6"}
{"o":23.76,"c":23.82,"h":23.86,"l":23.76,"v":1227.0,"Time":"2020-11-24T16:45:00Z","Interval":"5min","Figi":"BBG005DLMMZ6"}
{"o":23.85,"c":23.85,"h":23.85,"l":23.85,"v":13.0,"Time":"2020-11-24T16:50:00Z","Interval":"5min","Figi":"BBG005DLMMZ6"}
{"o":23.85,"c":23.89,"h":23.89,"l":23.85,"v":238.0,"Time":"2020-11-24T16:50:00Z","Interval":"5min","Figi":"BBG005DLMMZ6"}
{"o":23.85,"c":23.89,"h":23.89,"l":23.85,"v":613.0,"Time":"2020-11-24T16:50:00Z","Interval":"5min","Figi":"BBG005DLMMZ6"}
{"o":23.85,"c":23.89,"h":23.89,"l":23.85,"v":1113.0,"Time":"2020-11-24T16:50:00Z","Interval":"5min","Figi":"BBG005DLMMZ6"}
{"o":23.85,"c":23.89,"h":23.89,"l":23.85,"v":1460.0,"Time":"2020-11-24T16:50:00Z","Interval":"5min","Figi":"BBG005DLMMZ6"}
{"o":23.85,"c":23.86,"h":23.89,"l":23.85,"v":1622.0,"Time":"2020-11-24T16:50:00Z","Interval":"5min","Figi":"BBG005DLMMZ6"}
{"o":23.85,"c":23.85,"h":23.89,"l":23.85,"v":1672.0,"Time":"2020-11-24T16:50:00Z","Interval":"5min","Figi":"BBG005DLMMZ6"}
{"o":23.85,"c":23.85,"h":23.89,"l":23.85,"v":1672.0,"Time":"2020-11-24T16:50:00Z","Interval":"5min","Figi":"BBG005DLMMZ6"}
{"o":23.85,"c":23.87,"h":23.89,"l":23.85,"v":2067.0,"Time":"2020-11-24T16:50:00Z","Interval":"5min","Figi":"BBG005DLMMZ6"}
{"o":23.85,"c":23.88,"h":23.89,"l":23.85,"v":2112.0,"Time":"2020-11-24T16:50:00Z","Interval":"5min","Figi":"BBG005DLMMZ6"}
{"o":23.85,"c":23.89,"h":23.89,"l":23.85,"v":2116.0,"Time":"2020-11-24T16:50:00Z","Interval":"5min","Figi":"BBG005DLMMZ6"}
{"o":23.85,"c":23.89,"h":23.89,"l":23.85,"v":2117.0,"Time":"2020-11-24T16:50:00Z","Interval":"5min","Figi":"BBG005DLMMZ6"}
{"o":23.85,"c":23.9,"h":23.9,"l":23.85,"v":2194.0,"Time":"2020-11-24T16:50:00Z","Interval":"5min","Figi":"BBG005DLMMZ6"}
{"o":23.85,"c":23.91,"h":23.91,"l":23.85,"v":2195.0,"Time":"2020-11-24T16:50:00Z","Interval":"5min","Figi":"BBG005DLMMZ6"}
{"o":23.85,"c":23.88,"h":23.91,"l":23.85,"v":2295.0,"Time":"2020-11-24T16:50:00Z","Interval":"5min","Figi":"BBG005DLMMZ6"}
{"o":23.85,"c":23.88,"h":23.91,"l":23.85,"v":2295.0,"Time":"2020-11-24T16:50:00Z","Interval":"5min","Figi":"BBG005DLMMZ6"}
{"o":23.88,"c":23.88,"h":23.88,"l":23.88,"v":5.0,"Time":"2020-11-24T16:55:00Z","Interval":"5min","Figi":"BBG005DLMMZ6"}
{"o":23.88,"c":23.9,"h":23.9,"l":23.88,"v":17.0,"Time":"2020-11-24T16:55:00Z","Interval":"5min","Figi":"BBG005DLMMZ6"}
{"o":23.88,"c":23.85,"h":23.9,"l":23.85,"v":223.0,"Time":"2020-11-24T16:55:00Z","Interval":"5min","Figi":"BBG005DLMMZ6"}
{"o":23.83,"c":23.83,"h":23.83,"l":23.83,"v":44.0,"Time":"2020-11-24T17:00:00Z","Interval":"5min","Figi":"BBG005DLMMZ6"}
{"o":23.83,"c":23.83,"h":23.83,"l":23.83,"v":44.0,"Time":"2020-11-24T17:00:00Z","Interval":"5min","Figi":"BBG005DLMMZ6"}
{"o":23.83,"c":23.84,"h":23.84,"l":23.83,"v":64.0,"Time":"2020-11-24T17:00:00Z","Interval":"5min","Figi":"BBG005DLMMZ6"}
{"o":23.83,"c":23.84,"h":23.84,"l":23.83,"v":66.0,"Time":"2020-11-24T17:00:00Z","Interval":"5min","Figi":"BBG005DLMMZ6"}
{"o":23.83,"c":23.83,"h":23.84,"l":23.83,"v":76.0,"Time":"2020-11-24T17:00:00Z","Interval":"5min","Figi":"BBG005DLMMZ6"}
{"o":23.83,"c":23.83,"h":23.84,"l":23.83,"v":76.0,"Time":"2020-11-24T17:00:00Z","Interval":"5min","Figi":"BBG005DLMMZ6"}
{"o":23.83,"c":23.81,"h":23.84,"l":23.81,"v":276.0,"Time":"2020-11-24T17:00:00Z","Interval":"5min","Figi":"BBG005DLMMZ6"}
{"o":23.83,"c":23.81,"h":23.84,"l":23.81,"v":580.0,"Time":"2020-11-24T17:00:00Z","Interval":"5min","Figi":"BBG005DLMMZ6"}
{"o":23.83,"c":23.79,"h":23.84,"l":23.79,"v":591.0,"Time":"2020-11-24T17:00:00Z","Interval":"5min","Figi":"BBG005DLMMZ6"}
{"o":23.82,"c":23.85,"h":23.85,"l":23.82,"v":453.0,"Time":"2020-11-24T17:05:00Z","Interval":"5min","Figi":"BBG005DLMMZ6"}
{"o":23.83,"c":23.83,"h":23.83,"l":23.83,"v":1.0,"Time":"2020-11-24T17:10:00Z","Interval":"5min","Figi":"BBG005DLMMZ6"}
{"o":23.83,"c":23.8,"h":23.83,"l":23.8,"v":101.0,"Time":"2020-11-24T17:10:00Z","Interval":"5min","Figi":"BBG005DLMMZ6"}
{"o":23.83,"c":23.78,"h":23.83,"l":23.78,"v":201.0,"Time":"2020-11-24T17:10:00Z","Interval":"5min","Figi":"BBG005DLMMZ6"}
{"o":23.8,"c":23.82,"h":23.82,"l":23.8,"v":413.0,"Time":"2020-11-24T17:15:00Z","Interval":"5min","Figi":"BBG005DLMMZ6"}
{"o":23.8,"c":23.82,"h":23.82,"l":23.8,"v":413.0,"Time":"2020-11-24T17:15:00Z","Interval":"5min","Figi":"BBG005DLMMZ6"}
{"o":23.82,"c":23.85,"h":23.85,"l":23.82,"v":212.0,"Time":"2020-11-24T17:20:00Z","Interval":"5min","Figi":"BBG005DLMMZ6"}
{"o":23.82,"c":23.85,"h":23.85,"l":23.82,"v":212.0,"Time":"2020-11-24T17:20:00Z","Interval":"5min","Figi":"BBG005DLMMZ6"}
{"o":23.93,"c":23.89,"h":23.97,"l":23.89,"v":634.0,"Time":"2020-11-24T17:50:00Z","Interval":"5min","Figi":"BBG005DLMMZ6"}
{"o":23.88,"c":23.88,"h":23.88,"l":23.88,"v":10.0,"Time":"2020-11-24T17:55:00Z","Interval":"5min","Figi":"BBG005DLMMZ6"}
{"o":23.84,"c":23.76,"h":23.84,"l":23.75,"v":1983.0,"Time":"2020-11-24T18:05:00Z","Interval":"5min","Figi":"BBG005DLMMZ6"}
{"o":23.74,"c":23.74,"h":23.74,"l":23.74,"v":85.0,"Time":"2020-11-24T18:10:00Z","Interval":"5min","Figi":"BBG005DLMMZ6"}
{"o":23.74,"c":23.72,"h":23.74,"l":23.72,"v":180.0,"Time":"2020-11-24T18:10:00Z","Interval":"5min","Figi":"BBG005DLMMZ6"}
{"o":23.74,"c":23.71,"h":23.74,"l":23.71,"v":280.0,"Time":"2020-11-24T18:10:00Z","Interval":"5min","Figi":"BBG005DLMMZ6"}
